-19.49
-20.38
-19.97
-16.46
-16.26
-19.51
-23.97
-19.27
-16.11
-10.96
-13.39
-14.31
-12.07
-10.93
-23.85
-21.28
-12.21
-10.24
-11.64
-17.57
-10.32
-14.73
-9.28
-6.85
-11.69
-19.49
-12.95
-13.75
-7.13
-15.19
-14.91
-12.44
-15.50
-16.44
-22.26
-22.78
-20.13
-18.22
-19.56
-8.55
-13.05
-9.01
-20.10
-18.28
-17.42
-16.89
-16.23
-21.58
-19.35
-12.91
-19.33
-15.33
-19.85
-11.85
-19.55
-18.94
-17.89
-17.87
-14.28
-11.98
-15.93
-9.36
-15.61
-13.42
-3.62
-19.15
-23.58
-19.12
-20.02
-13.62
-9.85
-13.91
-15.18
-16.10
-8.90
-25.04
-7.49
-8.28
-14.18
-15.41
-21.92
-10.42
-20.14
-16.11
-22.23
-17.66
-19.75
-13.15
-11.16
-10.38
-18.59
-21.78
-6.59
-6.78
-16.97
-8.20
-12.94
-10.76
-15.53
-14.15
-23.29
-20.67
-20.44
-16.73
-20.83
-12.97
-13.44
-15.93
-22.65
-19.40
-16.18
-16.09
-9.47
-16.46
-13.76
-21.98
-12.60
-12.16
-31.56
-21.09
-10.78
-12.61
-17.54
-20.67
-14.35
-11.52
-13.32
-11.38
-19.41
-14.76
-17.04
-12.63
-6.97
-3.80
-11.93
-16.07
-18.00
-20.20
-23.21
-14.24
-12.67
-13.12
-18.75
-16.51
-21.86
-13.36
-16.14
-16.96
-13.89
-18.00
-16.92
-16.67
-9.21
-13.05
-16.35
-15.89
-13.66
-19.19
-27.01
-24.09
-26.13
-11.91
-10.18
-15.78
-15.49
-16.86
-17.40
-13.94
-16.16
-15.62
-15.10
-21.16
-16.18
-14.60
-16.04
-24.15
-7.84
-22.08
-9.63
-7.74
-16.18
-22.18
-25.32
-23.28
-11.99
-16.94
-20.19
-18.28
-19.89
-18.78
-18.13
-26.49
-22.14
-14.15
-7.41
-15.10
-16.07
-15.71
-5.92
-5.41
-18.62
-22.95
-20.12
-17.53
-12.72
-15.93
-6.21
-23.99
-12.67
-19.30
-18.67
-19.25
-16.37
-4.73
-22.80
-21.55
-17.94
-15.59
-8.10
-19.71
-18.97
-17.86
-22.04
-15.21
-18.05
-25.31
-15.25
-22.03
-11.82
-11.01
-12.79
-15.58
-9.66
-22.26
-19.16
-11.30
-21.71
-16.93
-7.72
-18.59
-19.89
-13.33
-22.94
-9.54
-23.60
-22.88
-22.41
-7.43
-19.96
-8.93
-11.91
-10.44
-7.69
-11.52
-14.96
-10.53
-16.23
-21.94
-29.52
-24.57
-19.23
-8.35
-19.87
-18.30
-20.33
-21.51
-20.81
-19.51
-16.47
-19.03
-16.74
-9.52
-11.29
-20.26
-5.24
-12.27
-21.54
-11.98
-23.85
-14.69
-16.47
-10.80
-19.07
-5.85
-20.06
-15.81
-17.42
-15.47
-26.00
-14.87
-12.39
-14.49
-17.46
-19.10
-17.60
-13.00
-15.66
-14.68
-25.64
-4.96
-14.96
-24.21
-12.39
-32.30
-27.07
-10.72
-18.33
-21.75
-15.61
-21.05
-11.17
-20.97
-18.02
-24.72
-12.58
-20.18
-9.57
-10.36
-13.23
-10.39
-14.00
-15.11
-26.33
-14.89
-16.75
-19.91
-16.61
-10.75
-20.52
-17.40
-18.96
-14.11
-13.91
-28.41
-13.97
-28.71
-18.84
-13.31
-19.91
-14.37
-15.94
-16.60
-19.86
-21.58
-18.10
-17.87
-21.29
-22.05
-18.67
-17.77
-18.32
-11.33
-16.56
-11.94
-12.25
-13.97
-23.30
-14.27
-12.64
-32.58
-17.54
-10.49
-22.03
-12.22
-12.40
-12.45
-30.85
-24.02
-11.18
-7.40
-8.68
-18.63
-10.95
-20.84
-8.91
-18.71
-10.03
-9.80
-19.69
-16.93
-10.57
-25.94
-13.15
-9.93
-21.52
-9.87
-19.96
-16.64
-18.13
-16.46
-22.49
-23.23
-9.14
-14.60
-25.76
-16.62
-11.90
-5.33
-14.94
-18.72
-9.25
-9.70
-14.98
-8.18
-7.78
-13.34
-13.83
-23.65
-14.46
-17.87
-11.44
-6.63
-24.99
-9.51
-14.82
-11.74
-13.49
-6.45
-12.62
-8.01
-8.98
-7.40
-16.66
-22.72
-16.96
-17.16
-13.57
-14.81
-8.25
-21.91
-10.96
-12.80
-18.03
-10.89
-25.64
-13.04
-17.41
-16.07
-15.96
-5.75
-10.58
-21.53
-17.82
-17.80
-21.39
-11.29
-16.13
-15.98
-15.90
-17.06
-19.55
-10.39
-13.61
-11.82
-4.51
-16.85
-26.25
-9.19
-22.02
-13.50
-19.46
-10.20
-5.72
-9.30
-14.30
-6.53
-15.96
-22.00
-20.51
-9.24
-6.51
-7.59
-8.99
-30.02
-18.97
-14.11
-23.46
-21.36
-23.49
-16.31
-6.53
-11.62
-10.76
-5.91
-11.37
-22.35
-18.69
-18.75
-31.27
-12.50
-14.89
-6.41
-18.69
-15.20
-24.68
-16.27
-15.39
-30.18
-19.22
-13.33
-7.76
-18.48
-18.21
-10.14
-20.79
-13.06
-25.72
-23.53
-22.35
-11.78
-11.78
-11.67
-21.73
-13.38
-16.29
-2.91
-17.91
-16.42
-15.13
-11.93
-17.38
-10.95
-16.23
-15.12
-6.12
-12.26
-10.06
-23.31
-24.84
-7.10
-20.31
-7.62
-12.87
-19.14
-14.91
-15.09
-21.56
-19.36
-12.17
-11.45
-18.25
-8.61
-16.51
-19.11
-14.48
-17.82
-16.10
-18.32
-15.69
-17.58
-14.00
-12.43
-13.61
-17.38
-17.82
-14.60
-17.89
-18.97
-16.88
-6.15
-14.07
-6.63
-13.50
-14.17
-14.78
-16.16
-15.58
-19.15
-12.79
-17.28
-9.75
-11.37
-11.45
-14.22
-25.03
-19.99
-23.58
-22.35
-15.49
-17.83
-15.61
-3.18
-9.70
-17.09
-14.19
-10.36
-19.93
-18.56
-19.08
-20.53
-15.55
-12.35
-12.97
-19.45
-29.61
-0.99
-3.94
-16.70
-17.37
-14.87
-14.55
-12.17
-16.41
-14.49
-6.07
-12.77
-17.84
-19.86
-14.41
-19.38
-16.65
-16.60
-20.31
-20.33
-8.18
-14.06
-18.72
-18.78
-11.45
-13.26
-22.39
-22.48
-23.05
-27.34
-19.15
-30.36
-17.07
-18.02
-22.70
-18.71
-13.54
-15.00
-17.97
-12.48
-21.59
-14.49
-18.34
-22.09
-18.31
-19.02
-16.34
-10.52
-9.04
-10.33
-10.40
-23.45
-20.18
-14.62
-16.59
-11.86
-19.96
-14.01
-12.36
-21.16
-16.91
-23.59
-21.88
-9.92
-16.61
-15.03
-22.15
-13.37
-8.04
-14.08
-12.14
-17.67
-9.25
-13.99
-17.97
-10.34
-9.74
-14.16
-17.95
-21.18
-12.32
-17.01
-12.67
-14.92
-14.80
-15.49
-11.19
-19.09
-18.36
-31.44
-12.90
-16.82
-14.26
-16.45
-20.34
-12.65
-16.82
-16.82
-15.17
-20.39
-14.76
-16.59
-13.78
-10.90
-18.65
-6.16
-12.63
-7.49
-15.46
-10.77
-8.01
-21.32
-5.76
-15.15
-24.59
-19.12
-16.92
-8.39
-15.15
-16.08
-17.95
-16.13
-13.12
-12.34
-9.86
-10.63
-24.47
-15.15
-21.18
-7.93
-17.64
-16.28
-20.32
-17.45
-13.26
-15.32
-18.84
-22.34
-18.07
-16.26
-18.07
-14.68
-11.24
-19.10
-22.57
-8.61
-20.51
-20.35
-8.10
-14.40
-20.14
-4.68
-7.12
-8.61
-20.66
-13.55
-19.79
-19.71
-18.04
-20.59
-17.45
-8.19
-19.14
-22.95
-14.26
-8.31
-16.04
-17.82
-9.50
-18.29
-14.84
-19.58
-18.20
-11.73
-10.41
-13.44
-21.16
-19.57
-14.16
-18.73
-14.89
-15.64
-24.60
-9.30
-15.46
-9.98
-10.92
-11.28
-11.05
-22.08
-19.90
-17.39
-13.33
-13.16
-16.35
-12.25
-5.88
-5.37
-3.05
-5.06
-11.13
-14.93
-8.19
-15.32
-20.65
-19.82
-18.08
-17.15
-19.19
-9.49
-19.53
-9.45
-19.14
-13.00
-11.77
-17.01
-19.29
-19.03
-12.55
-6.72
-16.02
-13.94
-12.57
-20.25
-15.52
-22.48
-16.18
-19.34
-21.39
-13.87
-19.43
-10.74
-13.49
-11.51
-20.47
-11.97
-16.79
-12.00
-15.94
-10.81
-18.90
-14.90
-19.11
-12.06
-19.08
-11.46
-18.36
-18.78
-15.62
-6.94
-12.36
-21.45
-10.14
-13.53
-24.31
-22.14
-10.91
-15.01
-14.18
-18.06
-13.20
-13.70
-22.29
-15.06
-11.03
-21.32
-17.88
-4.03
-19.02
-18.30
-9.88
-15.61
-16.04
-17.50
-32.95
-14.62
-10.28
-12.92
-18.72
-15.12
-23.35
-11.82
-16.39
-18.30
-18.49
-24.43
-13.31
-21.48
-20.80
-7.94
-11.44
-18.18
-13.31
-19.47
-3.51
-20.49
-17.68
-20.43
-14.41
-22.52
-18.13
-10.40
-14.83
-17.88
-12.64
-17.63
-17.89
-12.86
-15.05
-12.79
-15.09
-19.55
-21.49
-12.59
-9.07
-10.64
-6.84
-14.09
-18.96
-14.75
-16.99
-13.88
-15.10
-8.40
-12.70
-22.22
-20.84
-20.62
-22.58
-18.50
-14.54
-14.63
-15.42
-12.34
-17.09
-14.68
-10.15
-28.76
-18.83
-18.95
-21.90
-11.35
-22.98
-15.18
-20.24
-16.60
-12.46
-21.05
-9.44
-15.68
-12.32
-18.47
-19.31
-15.86
-15.26
-10.25
-15.10
-13.76
-19.33
-10.54
-9.29
-19.47
-20.55
-16.02
-12.49
-14.62
-13.97
-18.71
-21.83
-7.86
-9.42
-11.42
-14.01
-10.22
-18.51
-16.57
-21.01
-17.68
-21.32
-10.41
-14.51
-15.80
-10.60
-10.60
-8.58
-21.30
-10.08
-18.50
-4.54
-16.18
-17.71
-18.26
-11.89
-13.01
-14.06
-16.86
-9.85
-22.31
-10.54
-22.55
-20.77
-15.79
-24.40
-18.44
-12.45
-18.57
-9.59
-13.58
-8.77
-13.43
-12.71
-17.61
-23.32
-23.20
-15.85
-12.09
-10.29
-16.44
-23.13
-9.12
-11.66
-22.45
-12.21
-22.19
-15.29
-9.64
-18.34
-22.14
-19.52
-21.54
-12.74
-8.65
-13.88
-8.22
-14.00
-27.57
-27.06
-11.88
-14.50
-16.57
-19.70
-10.97
-17.61
-33.27
-15.95
-17.03
-4.26
-27.99
-11.97
-17.85
-20.94
-10.57
-6.10
-12.53
-14.09
-24.86
-24.14
-11.12
-12.84
-20.72
-5.14
-13.18
-20.37
-13.84
-23.45
-15.80
-6.68
-23.45
-7.09
-21.79
-7.36
-15.54
-14.93
-24.95
-19.78
-14.46
-14.26
-20.86
-20.46
-24.36
-14.70
-15.67
-20.93
-13.42
-16.16
-11.37
-15.54
-19.24
-8.70
-16.04
-18.02
-14.29
-14.26
-17.04
-9.68
-6.28
-9.15
-9.75
-19.24
-10.74
-28.28
-19.27
-22.11
-14.59
-19.30
-16.45
-10.63
-18.44
-12.24
-14.81
-16.73
-18.44
-13.91
-11.06
-15.95
-13.46
-15.21
-6.67
-11.83
-16.05
-12.32
-12.29
-13.66
-19.89
-16.50
-21.96
-15.57
-16.81
-27.55
-10.55
-18.33
-13.29
-1.45
-14.11
-18.79
-15.90
-7.19
-13.19
-18.41
-13.78
-20.89
-16.25
-13.64
-13.72
-5.81
-15.33
-9.26
-19.69
-8.74
-19.36
-11.30
-20.18
-14.60
-17.90
-5.09
-13.82
-13.93
-17.87
-9.05
-15.95
-20.84
-19.32
-17.53
-17.83
-28.98
-24.13
-10.97
-18.21
-10.38
-23.30
-14.50
-16.29
-21.98
-15.37
-15.69
-15.26
-15.26
-17.77
-17.52
-8.83
-16.07
-17.88
-13.55
-6.72
-21.21
-0.25
-14.67
-16.12
-11.46
-21.84
-13.88
-13.73
-11.24
-6.64
-11.99
-4.53
-17.50
-16.83
-21.26
-8.31
-10.42
-18.32
-22.15
-11.17
-17.30
-9.92
-20.07
-20.07
-25.27
-8.02
-12.38
-15.50
-23.66
-11.43
-13.64
-18.40
-23.36
-12.37
-13.96
-31.96
-16.21
-10.49
-13.28
-15.67
-1.83
-10.88
-23.32
-14.64
-18.29
-12.42
-16.94
-2.41
-8.59
-20.71
-15.39
-10.74
-13.63
-15.22
-28.59
-23.15
-11.90
-12.87
-17.23
-17.04
-15.44
-11.77
-22.62
-10.64
-16.34
-20.89
-12.30
-13.33
-16.97
-18.24
-17.90
-12.94
-15.22
-14.48
-15.26
-20.02
-22.37
-27.32
-22.86
-23.68
-22.44
-11.76
-16.42
-10.62
-16.31
-19.58
-15.86
-12.82
-12.11
-13.85
-16.20
-11.28
-3.26
-17.25
-15.28
-17.65
-10.85
-13.60
-17.09
-13.25
-9.71
-15.15
-17.42
-16.03
-13.28
-12.86
-20.84
-10.13
-20.37
-13.71
-20.40
-20.40
-11.82
-8.58
-3.69
-23.13
-18.43
-19.26
-19.90
-16.17
-21.46
-16.17
-17.66
-16.42
-14.64
-10.21
-19.62
-17.59
-15.54
-19.15
-13.52
-14.81
-5.38
-20.03
-9.38
-13.59
-8.45
-24.14
-13.74
-11.87
-9.93
-19.81
-18.32
-14.01
-11.63
-21.65
-31.25
-10.24
-6.84
-16.34
-10.53
-10.75
-10.95
-10.12
-22.09
-19.93
-11.79
-14.51
-9.21
-22.01
-13.97
-18.46
-19.22
-14.79
-26.64
-15.95
-11.87
-17.21
-26.11
-10.46
-21.25
-9.85
-11.62
-11.76
-18.78
-8.09
-13.78
-22.47
-17.33
-17.68
-33.02
-11.69
-15.59
-6.30
-11.15
-13.25
-10.50
-9.17
-15.33
-7.62
-15.73
-6.27
-15.97
-9.29
-7.96
-18.43
-19.52
-15.44
-7.45
-13.54
-4.77
-14.97
-11.20
-11.70
-19.24
-3.58
-17.11
-8.47
-9.13
-11.61
-11.53
-5.97
-21.47
-17.20
-27.16
-22.43
-21.46
-17.05
-23.42
-19.37
-17.77
-18.13
-13.21
-12.33
-15.80
-19.10
-5.07
-4.56
-9.53
-8.62
-8.03
-11.44
-17.45
-19.55
-16.80
-15.13
-18.46
-18.32
-21.44
-20.80
-23.04
-18.30
-22.10
-18.53
-14.82
-12.36
-17.89
-19.22
-19.89
-21.60
-15.89
-22.20
-19.08
-15.41
-10.28
-16.38
-13.51
-18.03
-6.37
-17.98
-15.14
-17.70
-19.81
-15.77
-28.83
-21.05
-4.61
-12.11
-6.97
-6.08
-15.53
-15.57
-14.42
-13.63
-12.48
-16.04
-19.28
-12.06
-10.88
-10.04
-18.36
-16.88
-13.50
-15.17
-7.72
-13.45
-14.70
-13.29
-15.63
-13.50
-15.35
-20.34
-0.49
-14.34
-17.23
-12.94
-18.91
-14.41
-17.85
-15.04
-15.95
-14.28
-5.39
-13.92
-12.13
-21.55
-16.14
-18.23
-14.69
-23.42
-18.37
-10.17
-13.83
-18.44
-15.86
-15.15
-11.74
-21.24
-9.68
-14.28
-21.00
-17.79
-12.28
-12.96
-11.34
-12.61
-14.90
-14.84
-12.93
-11.89
-12.75
-8.66
-11.58
-13.10
-16.94
-17.12
-12.75
-18.65
-16.27
-12.48
-16.44
-13.17
-12.51
-14.71
-20.43
-9.56
-11.80
-16.55
-22.22
-17.43
-20.94
-13.92
-17.85
-9.36
-22.25
-5.98
-16.25
-13.30
-8.54
-16.70
-15.41
-10.72
-14.27
-7.23
-10.96
-20.25
-16.98
-25.20
-8.92
-17.00
-22.64
-19.64
-20.87
-19.69
-20.59
-19.18
-10.14
-15.31
-19.67
-12.05
-14.12
-13.75
-14.90
-8.40
-5.91
-20.40
-21.79
-10.28
-6.86
-21.76
-13.84
-19.05
-17.63
-35.90
-14.26
-17.44
-10.71
-5.63
-19.45
-17.28
-7.76
-29.52
-19.57
-20.02
-16.61
-19.43
-8.78
-19.23
-13.06
-18.04
-17.95
-16.70
-12.66
-9.62
-16.48
-21.77
-15.66
-24.99
-11.74
-11.30
-21.65
-19.08
-17.66
-27.68
-24.96
-17.70
-19.42
-6.92
-20.59
-5.24
-17.65
-9.66
-14.49
-7.30
-8.93
-16.76
-11.01
-18.17
-18.82
-14.43
-0.49
-17.98
-9.38
-15.94
-16.96
-17.78
-17.50
-23.17
-4.62
-19.32
-13.41
-16.79
-10.26
-16.39
-14.68
-20.73
-17.03
-11.70
-4.11
-18.19
-16.55
-17.07
-10.77
-11.46
-17.16
-17.41
-11.94
-17.34
-14.54
-13.32
-26.48
-24.61
-10.68
-39.67
-11.44
-13.62
-18.32
-17.88
-19.33
-11.22
-14.42
-17.98
-16.08
-10.89
-11.07
-7.07
-15.70
-9.81
-15.23
-19.02
-11.99
-14.29
-16.75
-30.66
-12.58
-14.75
-15.08
-11.42
-16.21
-22.67
-7.73
-9.78
-5.45
-14.97
-12.49
-9.48
-15.30
-23.35
-12.81
-14.67
-16.09
-15.07
-14.92
-15.31
-13.42
-10.41
-17.83
-10.84
-21.10
-28.10
-12.49
-12.47
-11.92
-18.22
-25.21
-16.02
-15.08
-17.71
-16.46
-16.06
-18.98
-13.62
-17.72
-26.09
-19.00
-11.04
-18.34
-19.52
-22.71
-18.79
-18.51
-16.52
-19.24
-18.83
-16.02
-10.55
-15.05
-14.48
-16.95
-14.34
-8.59
-15.56
-18.23
-5.82
-15.09
-11.04
-12.71
-10.49
-20.12
-20.00
-20.27
-9.02
-15.28
-8.81
-17.70
-20.08
-14.39
-18.21
-12.90
-15.92
-14.62
-11.58
-17.18
-18.17
-10.11
-22.71
-15.87
-24.15
-17.43
-25.97
-6.69
-16.27
-16.49
-11.55
-13.72
-16.34
-9.20
-12.51
-12.57
-16.74
-13.08
-14.16
-8.68
-12.44
-13.85
-4.27
-5.41
-14.04
-21.50
-10.80
-12.24
-19.24
-19.29
-18.87
-12.13
-6.54
-2.79
-19.01
-12.75
-12.30
-11.01
-12.44
-20.21
-22.01
-21.40
-2.48
-2.84
-15.41
-14.22
-12.61
-14.81
-17.14
-16.91
-12.74
-11.33
-6.35
-14.04
-10.12
-5.62
-20.42
-18.34
-12.21
-14.89
-13.37
-11.79
-15.51
-26.38
-6.15
-16.07
-6.56
-13.81
-16.96
-14.99
-15.52
-4.32
-22.00
-12.80
-17.12
-11.02
-18.97
-14.47
-17.06
-12.99
-13.34
-20.04
-9.05
-6.51
-15.84
-15.18
-16.43
-17.10
-18.79
-18.79
-13.58
-16.84
-10.57
-10.05
-10.84
-15.03
-12.01
-10.40
-18.10
-16.16
-14.05
-14.13
-18.10
-14.22
-11.56
-14.18
-16.63
-17.41
-16.07
-19.89
-14.77
-13.26
-19.89
-11.33
-12.71
-16.15
-13.87
-14.08
-16.48
-19.01
-14.67
-10.34
-16.77
-12.34
-9.72
-12.64
-2.26
-12.75
-13.87
-15.82
-9.55
-12.95
-11.60
-16.99
-16.08
-25.18
-4.95
-13.82
-17.30
-17.37
-12.71
-26.56
-10.89
-12.51
-9.00
-19.50
-19.33
-10.68
-8.24
-15.85
-16.25
-11.59
-14.67
-16.28
-17.14
-12.46
-13.45
-27.98
-8.52
-18.86
-22.57
-9.80
-21.72
-10.06
-4.16
-20.86
-27.04
-7.91
-10.56
-13.13
-4.86
-12.04
-6.09
-8.96
-10.10
-15.51
-16.58
-20.28
-14.23
-16.38
-20.37
-11.34
-12.68
-9.26
-13.42
-8.70
-12.68
-11.57
-14.75
-24.06
-13.04
-16.82
-17.20
-8.86
-16.42
-25.74
-25.26
-22.00
-7.96
-14.41
-14.73
-10.49
-12.48
-16.39
-23.92
-15.23
-19.41
-16.43
-9.72
-18.58
-20.63
-16.23
-17.77
-13.68
-10.87
-11.49
-15.47
-8.21
-12.81
-17.53
-13.78
-21.03
-14.52
-16.16
-13.79
-19.56
-23.14
-10.26
-19.53
-14.14
-12.83
-20.28
-19.20
-18.83
-15.57
-11.13
-20.84
-23.51
-22.47
-7.89
-16.05
-6.90
-12.39
-15.89
-22.97
-21.55
-8.77
-18.19
-10.33
-18.44
-9.70
-22.52
-5.97
-21.18
-19.00
-21.42
-13.69
-14.31
-23.48
-13.62
-15.78
-14.32
-12.57
-14.26
-17.97
-18.86
-11.83
-14.49
-15.72
-6.12
-19.90
-17.05
-17.00
-13.97
-14.94
-13.03
-18.15
-8.06
-8.17
-21.44
-8.40
-8.87
-12.04
-21.24
-18.58
-18.57
-13.96
-5.55
-19.83
-16.16
-25.42
-16.39
-9.11
-27.10
-18.40
-19.93
-16.11
-13.26
-18.03
-7.62
-11.25
-13.15
-19.25
-14.14
-22.96
-9.62
-8.07
-8.47
-17.32
-12.47
-12.42
-11.63
-25.92
-5.05
-18.94
-13.00
-11.41
-20.58
-4.89
-22.91
-17.89
-6.27
-10.13
-19.11
-10.97
-11.80
-16.70
-7.68
-12.03
-13.43
-12.86
-18.17
-9.45
-5.36
-14.21
-12.88
-9.63
-12.54
-26.62
-16.33
-13.06
-14.74
-8.15
-11.01
-15.25
-14.84
-11.63
-23.80
-8.94
-9.13
-19.09
-16.52
-13.45
-23.21
-8.86
-20.89
-10.16
-11.32
-22.59
-7.75
-12.30
-22.96
-15.51
-17.38
-12.24
-15.11
-11.88
-9.96
-17.40
-16.96
-18.69
-17.98
-12.92
-14.43
-8.18
-17.32
-18.04
-13.73
-22.33
-16.91
-7.87
-16.29
-5.09
-17.46
-18.43
-20.50
-12.35
-17.19
-32.15
-7.83
-10.51
-17.31
-15.81
-17.00
-24.09
-11.24
-22.84
-15.53
-16.23
-26.20
-26.20
-17.06
-17.18
-10.18
-19.57
-2.30
-10.50
-13.14
-19.75
-14.71
-13.35
-5.10
-21.99
-16.46
-21.28
-19.90
-10.76
-14.96
-16.35
-20.27
-6.41
-12.39
-19.66
-12.69
-14.03
-14.02
-11.54
-7.80
-11.63
-7.66
-11.19
-13.57
-15.21
-11.35
-28.27
-20.22
-12.17
-13.12
-17.72
-5.11
-10.09
-21.70
-15.45
-17.81
-10.51
-24.99
-19.94
-14.45
-24.52
-16.72
-15.72
-8.16
-19.05
-12.32
-10.57
-15.95
-15.67
-21.62
-23.16
-15.19
-18.42
-29.98
-30.47
-15.32
-18.22
-10.78
-20.96
-13.21
-16.55
-9.42
-17.52
-16.67
-12.37
-18.84
-18.16
-12.11
-19.37
-8.19
-17.04
-17.15
-23.39
-18.52
-14.57
-12.24
-11.18
-9.59
-18.64
-16.75
-6.58
-17.71
-20.80
-8.37
-14.50
-14.23
-8.75
-16.18
-19.33
-20.02
-15.39
-10.47
-17.39
-7.85
-12.28
-8.36
-7.71
-10.96
-19.81
-9.99
-10.57
-14.38
-7.73
-12.04
-19.46
-11.39
-9.78
-15.42
-18.97
-16.23
-2.93
-3.68
-26.94
-22.65
-14.64
-14.91
-9.56
-12.00
-14.21
-12.57
-10.88
-13.12
-8.73
-23.56
-19.72
-19.99
-26.73
-24.98
-12.41
-18.48
-20.20
-13.80
-14.27
-22.44
-15.52
-15.60
-14.83
-21.57
-19.70
-12.20
-18.46
-7.36
-9.26
-20.37
-18.17
-13.51
-15.85
-18.15
-13.98
-10.07
-13.50
-17.20
-14.36
-18.87
-18.29
-10.78
-11.60
-19.40
-4.79
-15.58
-8.96
-11.61
-6.50
-15.21
-18.18
-15.45
-26.94
-18.60
-19.39
-17.40
-25.27
-12.68
-12.91
-8.30
-8.41
-18.10
-18.82
-3.17
-16.45
-19.81
-19.30
-28.68
-13.48
-21.61
-10.65
-14.11
-8.71
-21.48
-9.66
-11.54
-13.29
-16.00
-16.19
-6.64
-15.57
-10.91
-16.75
-10.62
-13.65
-14.33
-4.70
-19.68
-16.47
-12.37
-10.90
-12.66
-12.76
-24.49
-25.19
-17.11
-19.85
-16.35
-11.22
-13.32
-6.80
-16.21
-19.52
-18.66
-16.86
-14.24
-18.78
-23.71
-12.05
-10.99
-20.27
-8.83
-32.52
-14.76
-26.25
-18.22
-19.32
-16.45
-18.38
-16.44
-13.95
-19.01
-17.72
-11.84
-23.81
-18.40
-19.81
-12.82
-11.75
-13.19
-14.13
-18.82
-17.66
-19.78
-19.11
-20.14
-11.63
-11.82
-24.63
-14.58
-19.01
-14.43
-20.48
-10.41
-19.08
-18.11
-19.74
-14.66
-17.75
-23.66
-18.78
-18.26
-16.04
-12.15
-13.58
-8.87
-10.91
-11.33
-8.20
-12.43
-9.83
-12.73
-26.84
-9.64
-20.59
-23.92
-12.80
-16.21
-18.93
-17.17
-18.03
-19.68
-21.80
-10.28
-20.11
-12.94
-11.31
-19.94
-5.56
-11.68
-14.59
-18.60
-14.27
-9.45
-12.93
-19.33
-21.30
-22.82
-16.68
-20.57
-21.19
-28.31
-18.79
-9.35
-19.97
-8.56
-29.51
-6.88
-6.89
-12.82
-12.45
-25.50
-3.58
-24.73
-14.97
-17.80
-15.31
-8.37
-8.77
-7.76
-8.01
-6.41
-12.94
-22.95
-9.57
-8.31
-8.75
-19.50
-17.16
-10.72
-15.57
-19.53
-16.94
-14.41
-22.81
-15.23
-9.44
-10.28
-20.55
-11.03
-10.35
-25.49
-18.90
-11.56
-11.04
-11.11
-17.41
-17.42
-16.58
-16.08
-16.70
-13.63
-16.60
-17.71
-12.71
-9.70
-28.79
-18.82
-14.58
-12.27
-16.87
-16.68
-15.83
-14.50
-18.32
-15.98
-17.90
-12.24
-18.86
-14.37
-12.53
-19.14
-6.17
-18.42
-11.23
-7.58
-14.84
-15.91
-13.21
-12.40
-8.55
-20.03
-19.13
-17.35
-14.32
-18.03
-21.94
-15.48
-18.80
-13.16
-20.47
-15.93
-12.52
-14.12
-9.99
-16.14
-16.43
-14.77
-12.79
-12.24
-17.82
-19.75
-9.41
-11.76
-20.47
-6.26
-18.33
-18.54
-8.27
-19.25
-27.86
-15.99
-19.84
-9.66
-13.84
-23.84
-22.23
-24.42
-19.65
-22.60
-10.32
-12.04
-12.12
-5.76
-12.90
-9.52
-10.99
-28.65
-20.38
-13.39
-16.14
-23.24
-22.02
-18.24
-15.21
-16.01
-13.37
-9.11
-18.55
-20.00
-16.24
-8.01
-8.73
-14.67
-17.32
-11.64
-18.94
-26.38
-21.29
-9.78
-19.69
-15.64
-4.44
-13.48
-13.47
-18.69
-16.61
-20.33
-24.16
-15.64
-20.86
-15.01
-17.23
-11.47
-20.27
-14.80
-11.88
-18.97
-19.25
-16.01
-3.48
-16.31
-23.07
-16.31
-23.68
-14.81
-9.60
-15.50
-13.56
-9.36
-12.34
-16.01
-16.99
-16.88
-19.68
-19.25
-19.13
-15.78
-20.22
-20.72
-20.40
-2.61
-9.98
-13.50
-7.10
-12.88
-12.07
-14.49
-16.47
-25.24
-13.43
-13.96
-16.51
-12.00
-14.26
-24.16
-25.00
-16.39
-16.90
-18.74
-19.09
-10.75
-18.93
-18.60
-23.36
-16.42
-8.05
-27.06
-25.24
-14.61
-15.52
-24.33
-20.04
-16.91
-28.74
-16.03
-16.16
-10.61
-20.53
-21.31
-20.34
-15.35
-21.54
-10.10
-11.10
-14.35
-8.83
-14.13
-10.42
-12.01
-22.42
-21.75
-14.36
-12.76
-13.39
-13.39
-23.48
-17.86
-16.07
-13.10
-17.20
-27.36
-7.84
-13.77
-18.91
-17.80
-23.64
-25.08
-13.86
-14.87
-15.83
-17.21
-21.30
-14.72
-30.00
-18.81
-12.84
-18.23
-13.42
-4.58
-11.14
-5.63
-20.51
-21.95
-12.48
-9.98
-10.78
-13.95
-21.13
-21.06
-15.73
-19.81
-17.18
-14.13
-10.34
-26.41
-7.27
-13.31
-13.31
-5.00
-10.93
-15.43
-13.98
-18.11
-9.46
-21.61
-15.76
-19.57
-7.01
-16.22
-23.04
-17.62
-13.44
-4.54
-22.76
-19.53
-12.66
-21.51
-14.18
-16.85
-9.88
-13.13
-12.89
-12.77
-21.71
-13.40
-13.87
-19.71
-25.00
-11.79
-10.71
-13.49
-14.15
-12.96
-17.57
-8.82
-22.28
-13.48
-18.05
-20.67
-27.24
-19.00
-8.53
-10.59
-15.81
-10.35
-27.19
-14.19
-12.01
-17.11
-12.34
-12.60
-13.83
-8.66
-5.25
-17.04
-8.95
-16.28
-6.00
-4.80
-7.16
-10.83
-18.13
-17.71
-15.02
-6.28
-5.24
-9.68
-11.73
-17.26
-17.15
-12.67
-13.60
-13.61
-25.05
-8.87
-17.63
-12.82
-12.77
-7.21
-10.72
-5.35
-11.19
-21.79
-8.86
-17.74
-14.61
-14.03
-18.36
-21.73
-9.24
-15.90
-12.16
-15.00
-12.10
-26.70
-12.96
-18.77
-18.22
-14.91
-6.90
-18.99
-25.56
-15.52
-17.23
-8.75
-15.54
-21.12
-24.82
-22.96
-17.75
-14.59
-19.68
-22.15
-22.15
-24.68
-4.17
-10.25
-13.04
-3.05
-11.77
-16.45
-14.22
-22.56
-11.17
-20.50
-18.11
-15.47
-25.02
-8.83
-14.89
-14.96
-10.58
-14.11
-5.62
-12.39
-13.01
-19.44
-12.74
-9.29
-11.12
-18.49
-9.98
-22.96
-18.94
-18.89
-15.03
-17.63
-17.99
-3.41
-0.94
-14.87
-6.18
-15.18
-13.26
-12.88
-16.19
-12.28
-12.81
-17.52
-12.32
-12.73
-9.05
-22.07
-11.96
-24.38
-7.24
-18.03
-14.69
-21.44
-17.48
-12.39
-24.76
-14.59
-12.22
-11.60
-28.23
-8.53
-17.61
-13.74
-15.96
-16.66
-18.19
-18.82
-7.71
-10.02
-18.45
-12.94
-19.85
-16.32
-12.74
-15.34
-9.98
-15.63
-24.44
-5.51
-8.37
-15.56
-10.87
-23.22
-13.77
-12.25
-20.07
-19.21
-13.86
-17.34
-25.66
-13.72
-20.97
-26.18
-10.47
-16.39
-15.77
-18.19
-12.56
-24.32
-11.42
-8.73
-17.20
-14.35
-15.76
-15.16
-3.01
-23.39
-7.37
-28.84
-3.05
-21.87
-19.81
-23.98
-13.84
-17.01
-15.44
-7.75
-22.70
-15.01
-21.73
-15.78
-11.90
-9.19
-7.59
-13.91
-10.71
-15.86
-14.43
-14.88
-12.20
-15.85
-16.28
-16.69
-5.96
-8.85
-14.30
-8.61
-12.17
-8.34
-20.53
-5.64
-23.50
-16.99
-17.62
-18.34
-20.56
-11.93
-15.71
-18.67
-21.49
-12.13
-17.66
-14.94
-12.30
-14.21
-8.64
-16.57
-10.61
-13.26
-13.56
-12.26
-9.09
-20.32
-22.75
-15.57
-12.51
-15.39
-13.19
-15.44
-21.24
-15.13
-11.48
-14.56
-22.02
-12.28
-10.07
-11.76
-8.39
-8.23
-18.75
-10.37
-20.30
-24.49
-3.18
-12.52
-12.35
-13.77
-13.49
-9.37
-4.85
-8.58
-14.12
-17.48
-8.75
-13.11
-15.58
-15.41
-7.07
-19.03
-17.93
-18.76
-22.48
-23.71
-18.78
-4.61
-16.82
-23.78
-17.68
-13.90
-7.02
-17.57
-19.72
-12.34
-12.76
-19.93
-25.35
-11.60
-12.98
-17.99
-5.43
-10.61
-19.76
-18.35
-23.05
-16.93
-15.51
-19.52
-11.92
-15.34
-20.18
-23.31
-16.12
-18.14
-11.47
-15.00
-12.93
-19.67
-11.27
-28.57
-14.40
-18.61
-16.83
-17.52
-14.72
-16.57
-10.85
-13.51
-16.36
-9.59
-16.77
-14.06
-11.68
-12.41
-8.11
-23.63
-10.27
-13.52
-15.83
-15.81
-16.75
-16.62
-20.70
-22.71
-11.61
-18.05
-17.38
-8.51
-13.64
-17.60
-10.89
-7.66
-7.13
-12.89
-14.02
-10.13
-20.08
-13.04
-9.67
-18.32
-11.38
-8.64
-6.40
-15.11
-8.45
-15.21
-10.93
-3.31
-22.21
-16.11
-13.31
-13.98
-18.15
-14.76
-15.21
-26.61
-15.23
-26.18
-14.21
-23.76
-13.25
-18.87
-21.21
-8.26
-20.81
-10.99
-18.11
-20.51
-13.60
-22.63
-3.03
-16.31
-11.64
-11.89
-13.45
-14.18
-10.16
-8.36
-25.31
-7.36
-12.98
-14.09
-12.10
-12.76
-21.40
-12.18
-15.55
-9.59
-23.86
-13.29
-15.79
-12.68
-14.61
-20.50
-11.04
-20.68
-12.82
-17.73
-12.86
-13.61
-25.26
-16.84
-14.38
-11.15
-20.36
-11.59
-22.26
-6.14
-12.16
-13.93
-12.03
-12.34
-15.72
-18.55
-13.38
-23.28
-20.55
-10.25
-14.65
-8.24
-11.92
-20.11
-14.28
-22.08
-12.68
-14.73
-17.23
-23.69
-20.79
-8.91
-18.74
-20.74
-14.49
-14.25
-14.98
-16.54
-16.94
-17.94
-10.06
-13.52
-11.06
-24.22
-25.59
-19.84
-15.72
-9.52
-16.28
-12.42
-22.99
-17.50
-8.55
-17.68
-15.20
-21.85
-16.75
-13.72
-13.57
-17.53
-24.91
-16.06
-17.60
-20.99
-17.80
-10.59
-20.48
-16.59
-11.42
-16.40
-23.59
-15.29
-18.54
-18.16
-14.19
-17.10
-19.05
-21.54
-20.77
-22.02
-22.48
-15.68
-9.63
-15.84
-7.48
-18.04
-19.17
-24.46
-7.76
-8.85
-13.31
-25.38
-12.66
-23.63
-10.67
-10.37
-8.74
-9.59
-13.79
-10.32
-15.74
-15.23
-18.54
-23.86
-11.53
-17.66
-13.43
-4.94
-24.42
-9.67
-28.29
-15.69
-7.55
-19.21
-17.37
-27.96
-11.20
-16.08
-15.90
-5.43
-19.40
-13.25
-12.49
-20.53
-18.98
-11.65
-12.07
-9.94
-9.46
-3.52
-7.63
-6.71
-6.71
-21.50
-15.47
-12.73
-9.81
-13.57
-23.83
-9.24
-13.41
-17.97
-17.24
-8.74
-16.27
-24.83
-14.33
-10.72
-18.66
-12.09
-12.73
-20.84
-8.74
-18.52
-11.02
-19.41
-12.09
-11.32
-1.77
-14.59
-9.98
-3.65
-25.83
-7.00
-12.32
-8.54
-18.12
-9.02
-11.73
-22.26
-16.46
-17.46
-5.82
-5.67
-12.65
-11.68
-11.95
-11.21
-8.77
-18.37
-9.83
-15.20
-16.84
-7.30
-23.75
-16.62
-21.66
-21.33
-11.27
-9.86
-16.22
-19.03
-14.76
-20.38
-16.37
-8.03
-10.52
-14.65
-16.05
-4.91
-20.87
-21.74
-6.16
-8.09
-15.59
-3.65
-20.17
-22.31
-13.16
-14.67
-22.09
-20.33
-19.04
-22.03
-22.33
-17.94
-22.03
-10.33
-16.31
-13.36
-18.43
-13.25
-19.31
-23.70
-14.16
-18.80
-16.44
-15.07
-13.73
-24.29
-17.99
-11.42
-13.77
-16.38
-18.52
-9.23
-16.31
-20.90
-12.08
-25.34
-14.77
-9.04
-10.14
-2.74
-11.27
-6.19
-16.33
-17.94
-19.86
-9.02
-17.60
-19.81
-18.02
-13.58
-9.71
-20.20
-11.78
-8.39
-13.78
-17.23
-12.85
-11.79
-13.77
-24.36
-24.53
-7.76
-22.50
-19.54
-16.26
-12.65
-11.02
-15.67
-12.95
-26.13
-16.57
-25.26
-27.62
-17.74
-13.65
-8.70
-9.40
-10.15
-13.04
-14.92
-16.31
-17.05
-24.03
-17.29
-14.92
-11.87
-18.40
-16.10
-19.49
-26.08
-9.21
-16.02
-26.27
-14.39
-15.66
-13.84
-10.89
-14.02
-16.87
-7.30
-18.14
-14.51
-6.16
-9.09
-17.41
-25.90
-18.20
-15.74
-15.62
-9.41
-6.27
-16.57
-12.82
-19.69
-17.47
-15.20
-17.90
-14.71
-24.28
-11.63
-16.31
-13.19
-22.28
-16.91
-13.28
-8.27
-7.33
-23.23
-17.21
-13.74
-14.36
-17.74
-20.59
-14.51
-11.21
-23.65
-12.98
-15.36
-13.94
-18.10
-12.02
-23.57
-20.69
-14.44
-18.21
-28.11
-14.20
-14.74
-13.58
-23.49
-20.25
-10.08
-23.62
-20.67
-15.77
-20.59
-18.69
-16.95
-16.69
-13.98
-23.75
-12.54
-11.99
-17.56
-17.60
-11.80
-23.81
-17.76
-7.75
-13.75
-19.39
-20.75
-15.89
-21.34
-23.07
-13.27
-17.55
-14.40
-15.38
-12.42
-19.19
-18.90
-26.20
-17.88
-11.22
-16.11
-20.30
-18.07
-18.54
-17.71
-20.21
-20.33
-18.06
-15.35
-16.79
-7.42
-17.40
-19.12
-15.38
-14.36
-15.78
-13.35
-16.63
-18.02
-22.75
-15.58
-12.81
-19.48
-23.52
-15.28
-15.70
-11.98
-16.54
-8.97
-15.79
-14.73
-11.07
-12.91
-7.60
-10.01
-13.67
-18.84
-11.34
-10.75
-17.75
-25.20
-16.46
-15.23
-17.25
-12.59
-12.79
-25.96
-16.29
-14.85
-14.61
-14.15
-17.71
-22.75
-21.60
-7.20
-28.82
-17.39
-21.13
-10.43
-17.65
-12.33
-10.87
-16.69
-6.31
-18.83
-9.34
-16.14
-22.77
-11.75
-19.40
-13.75
-14.55
-21.18
-14.64
-8.18
-6.78
-18.76
-20.21
-13.12
-15.93
-14.80
-21.13
-8.31
-15.61
-11.58
-14.56
-7.71
-10.29
-24.40
-15.23
-13.12
-16.95
-39.79
-13.19
-12.24
-15.37
-12.73
-14.86
-16.26
-17.15
-18.12
-15.41
-12.19
-15.80
-10.42
-15.34
-20.31
-15.79
-17.34
-17.46
-19.10
-18.57
-18.35
-23.55
-6.24
-11.28
-16.03
-17.95
-17.18
-15.35
-13.78
-11.55
-17.02
-22.18
-24.00
-3.42
-19.25
-9.09
-12.09
-11.91
-15.74
-8.43
-11.70
-12.78
-13.06
-22.34
-16.48
-16.22
-13.34
-15.62
-8.54
-10.13
-8.51
-22.34
-21.46
-12.38
-19.07
-4.57
-15.48
-17.14
-14.25
-19.73
-10.64
-9.10
-18.17
-18.93
-18.55
-21.76
-19.13
-11.93
-11.93
-12.00
-11.95
-26.68
-17.05
-11.79
-18.39
-14.62
-8.19
-19.06
-13.49
-23.41
-14.19
-17.02
-25.05
-5.80
-14.46
-19.80
-13.78
-19.06
-14.27
-21.36
-11.92
-23.64
-24.97
-13.36
-11.40
-16.01
-15.93
-15.93
-17.34
-16.85
-14.98
-24.39
-19.11
-14.11
-13.76
-10.32
-8.11
-14.43
-17.27
-8.72
-23.00
-17.14
-16.89
-21.91
-25.36
-10.87
-13.34
-13.76
-13.29
-14.24
-17.86
-23.84
-16.15
-9.27
-5.76
-13.10
-19.95
-18.98
-13.70
-20.50
-16.64
-18.96
-19.22
-21.74
-6.38
-11.24
-14.35
-20.82
-14.34
-20.79
-11.53
-22.67
-8.51
-14.16
-17.02
-20.79
-17.21
-20.28
-16.47
-13.01
-19.33
-15.87
-5.82
-15.08
-10.99
-18.58
-20.73
-14.36
-14.36
-10.73
-14.51
-21.36
-21.00
-21.08
-20.19
-10.40
-12.37
-10.80
-16.43
-13.05
-18.15
-28.37
-17.89
-21.18
-15.52
-6.28
-20.51
-10.09
-10.09
-12.82
-12.56
-18.36
-8.35
-22.12
-6.85
-21.00
-17.53
-14.26
-13.25
-6.51
-11.76
-2.49
-17.12
-6.90
-25.57
-15.67
-20.82
-28.55
-10.28
-19.59
-12.23
-17.16
-17.70
-16.38
-15.34
-14.65
-8.08
-17.12
-18.75
-8.52
-14.64
-17.17
-16.48
-10.46
-9.63
-19.36
-13.44
-14.16
-8.58
-14.21
-20.17
-20.74
-31.00
-2.57
-16.17
-13.58
-14.43
-27.96
-13.90
-16.45
-10.25
-8.35
-9.48
-11.76
-12.48
-31.74
-31.74
-31.80
-13.00
-9.97
-9.87
-10.08
-20.90
-14.17
-20.06
-17.45
-14.78
-10.93
-21.80
-19.76
-10.77
-13.06
-17.29
-4.40
-24.33
-12.10
-9.82
-19.86
-11.54
-11.34
-12.67
-18.27
-15.05
-12.13
-23.54
-35.23
-20.98
-21.31
-18.95
-20.20
-19.15
-12.09
-12.23
-18.65
-6.32
-15.53
-19.93
-11.73
-20.33
-7.37
-12.13
-21.41
-26.53
-19.25
-18.18
-19.02
-11.86
-14.12
-23.52
-15.01
-26.74
-14.61
-16.06
-14.99
-15.79
-22.36
-11.28
-16.29
-14.67
-15.63
-19.03
-13.55
-16.54
-8.45
-3.90
-12.18
-6.47
-6.73
-13.28
-12.84
-8.77
-5.42
-8.27
-8.84
-24.43
-13.14
-8.65
-12.86
-12.81
-7.26
-8.40
-4.77
-18.01
-9.20
-14.29
-20.63
-13.19
-26.27
-11.59
-22.20
-12.45
-12.55
-14.92
-6.94
-18.70
-16.21
-20.46
-16.36
-11.49
-10.80
-15.31
-19.29
-20.90
-21.09
-16.20
-13.29
-6.18
-11.40
-12.86
-17.32
-17.34
-17.09
-11.16
-14.16
-11.90
-16.10
-18.14
-18.92
-9.02
-14.04
-18.29
-23.72
-14.59
-17.48
-18.90
-13.85
-22.40
-8.35
-24.52
-18.31
-14.44
-16.37
-18.67
-10.58
-13.77
-24.94
-11.07
-4.19
-20.37
-22.00
-25.06
-17.91
-14.38
-21.00
-15.68
-17.19
-13.25
-10.57
-26.08
-20.21
-25.92
-18.84
-16.31
-5.30
-9.36
-12.31
-17.63
-19.71
-11.21
-12.94
-19.03
-12.80
-15.15
-9.29
-3.68
-9.94
-21.81
-20.16
-10.12
-14.18
-12.79
-18.31
-16.10
-17.61
-20.83
-15.64
-11.33
-18.09
-17.20
-19.77
-15.74
-20.24
-19.48
-19.68
-21.34
-6.13
-14.19
-13.60
-13.41
-15.23
-20.93
-20.69
-11.99
-10.68
-13.27
-22.95
-30.97
-13.88
-18.14
-12.25
-12.88
-1.00
-17.73
-12.84
-9.22
-24.16
-24.49
-16.20
-8.13
-16.63
-23.41
-25.22
-15.10
-15.28
-12.09
-17.17
-12.15
-23.60
-8.70
-12.67
-5.99
-21.60
-18.45
-18.89
-13.95
-11.20
-16.81
-13.78
-11.78
-24.02
-16.23
-12.15
-21.81
-12.24
-17.20
-20.13
-18.64
-19.44
-12.68
-28.76
-8.86
-20.44
-15.53
-21.04
-15.36
-14.15
-9.72
-8.95
-25.44
-13.27
-7.89
-15.25
-9.39
-18.31
-18.04
-14.88
-5.99
-23.38
-12.64
-12.61
-14.59
-10.28
-21.98
-7.47
-6.16
-21.42
-16.48
-9.31
-16.76
-4.24
-21.64
-7.66
-14.11
-15.44
-20.60
-25.42
-13.34
-18.39
-7.98
-14.27
-8.03
-15.14
-15.83
-16.47
-11.88
-11.33
-21.03
-14.88
-8.68
-14.88
-23.96
-21.36
-17.22
-19.24
-15.75
-4.29
-12.56
-20.80
-10.17
-10.76
-15.46
-17.07
-17.16
-16.17
-14.78
-10.44
-21.55
-20.78
-19.86
-15.44
-20.67
-13.60
-11.84
-13.16
-17.44
-6.33
-20.12
-17.99
-14.33
-20.91
-11.33
-19.48
-6.34
-23.91
-3.49
-15.71
-12.97
-16.44
-15.50
-14.43
-18.50
-18.10
-19.61
-21.95
-12.19
-12.96
-19.48
-15.28
-17.51
-26.32
-12.94
-6.51
-9.47
-21.66
-8.83
-18.46
-14.74
-14.48
-10.66
-8.65
-18.27
-14.85
-12.80
-9.61
-18.25
-12.98
-10.54
-20.00
-12.06
-20.56
-13.31
-21.43
-11.62
-16.52
-11.84
-11.08
-16.88
-20.27
-14.04
-21.03
-13.17
-25.84
-17.39
-15.71
-20.34
-20.07
-8.31
-16.70
-16.46
-20.70
-20.70
-9.69
-14.22
-13.89
-14.98
-18.58
-19.24
-23.72
-18.52
-10.06
-19.23
-11.52
-12.65
-11.81
-20.49
-18.79
-18.79
-6.58
-13.57
-9.65
-20.25
-12.13
-9.32
-25.39
-16.98
-14.63
-14.78
-19.68
-26.34
-8.84
-5.65
-5.65
-20.41
-15.96
-15.52
-10.97
-5.80
-22.61
-9.43
-11.00
-17.06
-9.47
-15.25
-15.54
-22.39
-15.56
-17.14
-11.09
-17.94
-17.40
-26.82
-10.60
-19.61
-24.88
-14.65
-13.37
-20.99
-17.89
-19.35
-15.95
-28.07
-21.70
-25.74
-25.78
-16.92
-14.24
-11.30
-11.03
-17.46
-2.96
-14.58
-15.63
-12.84
-20.47
-20.84
-20.28
-15.64
-13.25
-19.88
-17.91
-18.22
-17.51
-15.86
-17.49
-19.23
-25.09
-18.38
-8.76
-4.76
-4.76
-13.17
-19.92
-34.29
-11.12
-24.92
-18.40
-16.34
-16.44
-19.86
-10.69
-26.20
-16.03
-18.50
-18.92
-16.50
-20.21
-10.62
-17.10
-21.07
-16.40
-20.72
-18.85
-14.56
-8.42
-14.95
-16.47
-16.65
-20.38
-24.22
-14.43
-17.14
-9.45
-12.46
-18.55
-14.85
-23.52
-7.29
-16.69
-16.31
-19.42
-15.00
-19.31
-9.20
-9.62
-11.81
-6.40
-24.22
-9.10
-13.72
-20.61
-6.68
-18.97
-17.34
-21.67
-23.36
-11.78
-7.97
-17.90
-14.68
-17.07
-15.30
-12.23
-19.27
-23.47
-13.24
-15.04
-29.48
-6.77
-13.62
-21.10
-25.47
-11.71
-20.53
-18.11
-6.62
-18.42
-16.65
-17.05
-13.25
-13.38
-17.51
-14.57
-7.70
-17.55
-17.72
-13.16
-8.20
-11.22
-18.09
-18.44
-17.13
-6.84
-21.58
-23.63
-14.59
-10.08
-12.84
-13.65
-16.96
-21.99
-20.47
-10.32
-9.88
-17.26
-16.57
-17.13
-15.98
-15.62
-11.01
-17.37
-10.95
-14.27
-15.46
-13.34
-9.50
-12.22
-5.84
-15.34
-21.16
-10.67
-9.13
-9.83
-18.63
-10.99
-20.56
-20.10
-26.03
-19.65
-17.55
-15.18
-15.43
-13.91
-15.40
-11.56
-11.73
-9.35
-7.65
-4.94
-16.29
-15.12
-8.78
-20.74
-23.50
-16.76
-14.81
-20.17
-21.37
-24.64
-27.13
-14.03
-10.56
-25.77
-20.41
-21.00
-12.21
-18.48
-11.72
-17.63
-19.56
-19.84
-14.04
-14.59
-17.98
-15.04
-12.58
-15.34
-31.08
-13.50
-19.18
-17.64
-20.70
-11.08
-21.02
-18.01
-19.21
-14.53
-10.29
-20.51
-23.06
-9.54
-13.01
-13.14
-16.14
-11.10
-7.54
-15.58
-13.60
-19.35
-20.89
-23.22
-23.63
-15.07
-23.25
-17.51
-7.77
-26.40
-10.39
-14.67
-7.65
-14.41
-13.59
-16.52
-19.65
-17.25
-23.94
-16.57
-12.97
-20.05
-8.96
-26.32
-14.31
-18.27
-17.74
-10.56
-16.98
-9.86
-12.54
-9.48
-18.48
-18.38
-17.95
-18.27
-9.39
-19.32
-11.99
-13.56
-9.85
-13.83
-18.92
-16.93
-14.64
-16.54
-11.83
-8.59
-8.29
-4.96
-14.26
-19.71
-13.71
-18.80
-10.48
-14.48
-6.79
-16.84
-25.83
-19.38
-18.91
-10.02
-18.98
-12.93
-14.04
-16.71
-17.37
-19.82
-19.57
-15.36
-25.68
-24.79
-12.21
-10.37
-13.51
-19.50
-12.77
-22.48
-17.13
-21.44
-18.11
-14.50
-22.29
-14.42
-19.07
-12.52
-6.97
-12.28
-11.40
-10.70
-11.58
-18.83
-8.55
-13.51
-6.22
-6.43
-9.61
-7.63
-17.62
-18.35
-19.70
-7.70
-20.84
-15.18
-12.11
-25.94
-16.76
-20.92
-6.37
-17.81
-16.99
-4.67
-8.61
-24.54
-15.52
-13.64
-11.89
-11.84
-2.12
-22.60
-23.24
-10.19
-13.33
-19.05
-13.68
-18.99
-15.19
-15.24
-13.62
-22.27
-16.21
-14.47
-16.93
-14.23
-21.26
-15.00
-21.06
-14.14
-12.05
-11.27
-17.89
-23.89
-13.91
-12.21
-15.97
-15.00
-20.40
-13.73
-15.80
-12.89
-12.21
-10.96
-21.32
-11.08
-24.84
-18.24
-21.53
-14.53
-12.01
-21.16
-21.38
-9.84
-13.82
-12.01
-17.23
-20.89
-0.86
-14.76
-12.32
-18.83
-19.85
-10.05
-10.81
-7.93
-12.60
-13.56
-22.52
-16.83
-11.36
-11.77
-19.24
-14.16
-15.93
-7.78
-19.15
-16.38
-15.09
-18.91
-9.96
-17.00
-15.77
-16.75
-19.41
-10.83
-11.39
-15.01
-15.69
-20.11
-15.92
-9.68
-19.31
-13.09
-16.16
-16.75
-17.67
-15.27
-19.36
-5.19
-20.93
-11.25
-12.22
-8.94
-14.78
-13.82
-16.57
-17.57
-15.26
-15.38
-14.52
-12.72
-12.67
-3.99
-23.41
-10.58
-11.60
-18.42
-16.69
-22.39
-14.20
-10.44
-9.73
-22.65
-11.66
-22.14
-8.49
-23.08
-21.37
-10.25
-14.68
-12.73
-18.36
-13.27
-8.88
-17.75
-13.90
-27.97
-12.39
-7.98
-15.19
-9.56
-19.43
-12.20
-9.60
-8.65
-16.68
-11.32
-19.35
-9.19
-8.70
-15.47
-7.04
-10.68
-14.07
-23.89
-24.33
-20.58
-14.15
-8.71
-17.32
-12.58
-15.53
-15.84
-18.33
-14.25
-19.35
-18.66
-6.69
-14.74
-11.78
-15.53
-11.10
-10.53
-19.16
-3.55
-14.70
-19.91
-11.51
-11.30
-17.15
-10.39
-15.78
-10.06
-17.97
-19.38
-15.80
-19.37
-19.24
-15.49
-16.86
-16.60
-12.44
-20.01
-16.43
-12.65
-12.32
-1.96
-6.57
-12.58
-17.75
-19.29
-21.66
-16.52
-9.95
-15.75
-19.06
-9.61
-9.72
-17.01
-18.05
-8.69
-27.20
-19.32
-15.84
-25.07
-25.67
-18.57
-18.84
-18.55
-14.97
-6.81
-21.46
-23.64
-2.48
-13.02
-13.21
-5.38
-16.71
-11.10
-25.01
-9.09
-12.38
-14.92
-23.70
-9.23
-12.45
-21.11
-27.05
-19.51
-22.35
-11.95
-19.99
-14.56
-19.00
-15.87
-12.59
-15.94
-15.95
-23.82
-23.24
-18.48
-12.54
-19.51
-5.78
-12.48
-15.45
-16.33
-12.27
-20.68
-19.19
-20.49
-26.81
-21.25
-20.07
-19.19
-9.39
-13.87
-19.12
-8.55
-17.97
-19.31
-12.14
-16.80
-19.29
-16.42
-20.74
-15.07
-12.81
-19.20
-13.38
-23.81
-17.97
-16.81
-25.70
-18.88
-12.46
-22.17
-16.45
-10.94
-16.67
-19.25
-16.16
-13.82
-28.89
-20.18
-20.79
-16.86
-23.19
-17.34
-9.95
-15.13
-10.35
-2.12
-12.02
-14.60
-25.34
-11.44
-13.86
-14.82
-11.81
-12.34
-10.47
-19.66
-24.03
-19.00
-20.02
-15.00
-14.29
-22.55
-13.66
-18.35
-13.92
-16.76
-22.21
-17.15
-14.50
-11.80
-15.70
-15.17
-14.61
-22.71
-13.80
-16.37
-15.22
-18.44
-25.80
-18.07
-17.91
-21.08
-13.92
-14.36
-16.56
-16.75
-19.92
-14.79
-22.89
-14.43
-11.02
-5.50
-15.30
-9.21
-21.45
-11.58
-13.02
-20.17
-4.48
-7.79
-16.17
-5.59
-14.74
-6.69
-22.02
-16.86
-5.10
-21.81
-16.27
-15.15
-19.21
-21.69
-12.75
-15.54
-8.61
-17.35
-17.79
-16.42
-16.97
-15.86
-13.74
-24.31
-8.50
-13.04
-15.81
-24.17
-7.23
-16.49
-8.60
-18.30
-6.94
-16.39
-14.87
-12.68
-15.60
-10.57
-17.72
-11.78
-12.27
-11.53
-10.03
-13.88
-7.90
-5.00
-9.37
-13.17
-12.71
-11.93
-20.58
-9.17
-9.32
-8.44
-16.01
-25.69
-12.18
-22.78
-19.38
-16.31
-26.79
-16.04
-9.51
-21.76
-14.36
-20.09
-6.05
-6.56
-12.66
-14.02
-13.10
-21.11
-30.19
-15.42
-18.92
-12.17
-20.40
-10.40
-22.75
-1.18
-15.18
-12.65
-12.50
-14.44
-18.85
-24.39
-16.85
-14.77
-18.21
-12.26
-15.61
-7.80
-5.28
-6.02
-11.14
-23.05
-7.76
-12.64
-16.26
-10.65
-14.87
-10.74
-20.55
-21.52
-12.63
-14.39
-11.95
-14.89
-9.55
-18.62
-17.37
-11.62
-10.87
-9.07
-23.21
-15.68
-17.91
-27.07
-22.78
-26.98
-12.83
-21.62
-22.05
-20.00
-11.91
-16.71
-9.75
-14.51
-19.68
-26.23
-14.97
-15.50
-24.48
-9.58
-24.94
-24.09
-20.72
-26.58
-7.94
-16.43
-15.31
-20.20
-22.25
-11.02
-13.22
-16.32
-13.36
-12.56
-12.54
-10.64
-18.00
-23.62
-18.25
-25.44
-20.44
-12.37
-17.37
-8.76
-17.81
-5.56
-23.27
-9.85
-20.03
-11.11
-8.94
-19.72
-22.09
-22.87
-16.64
-13.88
-6.18
-13.24
-19.13
-17.79
-14.81
-21.89
-23.00
-12.84
-23.40
-16.25
-17.29
-14.35
-13.75
-2.91
-14.81
-11.86
-14.27
-20.78
-18.57
-8.28
-17.00
-16.10
-13.98
-5.52
-3.66
-13.16
-17.09
-14.16
-17.91
-17.95
-14.74
-9.56
-16.24
-16.22
-14.76
-18.39
-14.74
-9.56
-3.87
-8.28
-21.43
-15.44
-19.88
-18.02
-16.27
-22.08
-5.50
-20.43
-18.71
-13.21
-29.90
-14.13
-14.22
-21.07
-17.05
-23.01
-19.93
-20.73
-24.25
-7.56
-11.89
-17.10
-15.86
-12.20
-4.04
-22.12
-14.00
-15.75
-19.32
-18.13
-0.81
-14.46
-16.66
-15.78
-9.68
-14.91
-12.26
-12.10
-15.49
-21.29
-21.19
-14.25
-11.17
-9.99
-14.37
-17.01
-14.01
-9.56
-11.45
-15.49
-19.52
-16.75
-24.33
-21.20
-16.99
-10.46
-23.60
-13.09
-19.94
-13.99
-24.36
-20.68
-25.04
-13.70
-14.41
-12.03
-18.98
-16.74
-19.66
-12.08
-9.09
-15.17
-18.15
-11.06
-11.03
-9.47
-23.62
-31.76
-15.41
-23.27
-4.48
-6.46
-21.76
-15.04
-19.43
-5.13
-10.57
-12.04
-21.56
-12.05
-21.51
-20.99
-19.40
-5.81
-14.82
-15.42
-18.30
-17.25
-17.06
-9.62
-13.75
-18.64
-16.49
-30.98
-9.33
-12.47
-16.47
-12.76
-9.40
-16.39
-23.22
-18.44
-13.65
-13.46
-20.32
-24.65
-12.80
-22.29
-26.45
-20.28
-16.29
-14.04
-14.94
-7.76
-15.51
-12.91
-19.36
-13.85
-15.90
-14.81
-18.01
-7.94
-21.24
-21.16
-12.93
-20.08
-10.16
-15.51
-22.65
-13.42
-22.16
-9.31
-18.53
-16.65
-24.54
-20.48
-9.99
-15.49
-8.89
-15.72
-13.09
-20.45
-17.75
-17.07
-21.84
-11.14
-20.22
-7.31
-10.47
-11.88
-23.79
-6.66
-18.71
-19.96
-14.24
-25.09
-13.61
-14.52
-22.52
-10.28
-26.71
-26.31
-21.54
-16.48
-12.37
-13.11
-17.67
-13.50
-14.66
-23.02
-16.32
-11.85
-10.14
-16.81
-15.43
-19.71
-14.32
-16.24
-21.00
-21.98
-17.93
-14.65
-19.19
-10.92
-19.55
-20.81
-9.95
-11.97
-13.96
-21.80
-13.61
-12.07
-15.60
-16.31
-18.12
-23.10
-22.22
-21.07
-5.47
-11.78
-18.76
-11.67
-9.94
-22.71
-7.61
-10.89
-8.68
-16.77
-9.53
-12.53
-16.33
-12.81
-16.47
-17.51
-9.36
-12.35
-19.45
-10.16
-14.51
-7.64
-19.78
-17.41
-21.78
-24.71
-18.83
-18.77
-19.27
-12.62
-9.42
-21.37
-13.38
-13.38
-18.45
-19.62
-27.99
-29.64
-11.88
-13.58
-8.63
-13.74
-20.65
-20.13
-11.26
-15.30
-19.02
-18.83
-21.32
-15.81
-25.34
-9.86
-19.09
-19.60
-12.06
-19.71
-10.73
-14.05
-13.44
-35.31
-19.81
-21.80
-16.03
-4.81
-16.71
-10.99
-13.04
-14.01
-12.61
-1.46
-12.19
-8.61
-16.77
-11.91
-16.20
-10.74
-11.91
-20.58
-23.30
-17.17
-5.51
-19.03
-15.17
-12.67
-15.41
-12.23
-16.40
-11.78
-13.23
-15.79
-24.06
-28.99
-15.06
-15.06
-21.80
-17.80
-25.33
-14.88
-30.55
-11.73
-10.04
-16.58
-17.37
-18.30
-20.44
-17.05
-12.12
-17.44
-18.58
-8.09
-25.47
-16.42
-16.60
-17.85
-25.71
-14.97
-23.27
-11.57
-15.17
-20.85
-13.84
-13.10
-17.58
-23.54
-17.99
-22.12
-10.56
-15.58
-12.69
-14.13
-9.36
-24.68
-16.58
-16.18
-13.36
-17.62
-24.36
-21.22
-24.86
-15.72
-22.73
-21.18
-9.08
-24.38
-16.16
-22.58
-26.62
-18.70
-16.33
-21.06
-12.86
-12.66
-15.75
-18.02
-6.19
-17.53
-10.17
-24.68
-16.69
-10.77
-20.36
-8.81
-11.24
-19.12
-20.89
-13.91
-8.82
-16.00
-19.67
-10.74
-16.55
-17.34
-16.40
-5.77
-19.63
-23.31
-16.00
-7.17
-10.50
-7.74
-21.34
-6.75
-19.68
-17.15
-17.25
-18.63
-20.03
-22.79
-17.76
-30.43
-5.83
-15.08
-12.14
-21.06
-14.25
-11.95
-13.18
-17.78
-8.27
-9.23
-13.09
-14.46
-16.54
-15.14
-9.82
-12.78
-17.78
-13.65
-18.49
-19.55
-8.02
-8.65
-15.08
-17.27
-14.92
-14.18
-13.75
-20.44
-17.32
-22.07
-26.06
-14.82
-17.33
-11.63
-8.09
-31.87
-12.66
-8.17
-9.25
-12.00
-25.11
-14.74
-11.16
-21.02
-14.59
-17.59
-23.45
-20.42
-15.03
-8.50
-21.78
-16.77
-13.16
-13.30
-19.02
-5.32
-16.18
-24.02
-11.25
-13.52
-13.69
-14.39
-7.84
-19.95
-14.54
-12.70
-19.76
-15.49
-11.79
-16.09
-7.84
-15.67
-7.34
-15.40
-19.94
-8.19
-19.00
-22.27
-16.62
-23.50
-18.13
-16.34
-15.39
-16.40
-17.45
-8.68
-21.69
-15.22
-18.52
-21.90
-17.87
-18.49
-13.06
-15.35
-23.26
-10.73
-20.98
-15.87
-11.88
-4.10
-13.35
-17.47
-13.83
-13.25
-11.30
-18.53
-16.52
-19.68
-9.36
-8.79
-16.82
-10.69
-13.27
-18.36
-12.82
-11.72
-12.51
-23.58
-7.49
-23.14
-12.32
-20.37
-12.21
-11.71
-16.77
-12.40
-8.78
-12.09
-12.67
-16.34
-15.46
-18.93
-10.49
-12.07
-15.23
-19.77
-25.08
-12.62
-20.62
-10.27
-17.57
-15.06
-23.68
-7.66
-19.14
-14.69
-26.01
-22.52
-16.82
-15.55
-7.44
-11.70
-6.99
-21.72
-15.34
-9.74
-15.42
-21.71
-24.73
-16.05
-17.66
-8.13
-12.93
-24.11
-14.02
-20.58
-14.04
-10.29
-13.91
-10.34
-17.27
-12.37
-23.17
-6.30
-8.31
-18.06
-18.03
-6.23
-20.30
-12.85
-14.64
-7.22
-9.20
-22.84
-17.62
-22.93
-13.51
-19.82
-16.42
-19.66
-14.15
-8.88
-4.78
-15.45
-24.52
-19.67
-10.09
-23.65
-14.16
-11.31
-11.31
-12.36
-20.30
-5.79
-11.50
-14.86
-20.19
-12.18
-9.49
-15.11
-15.16
-20.70
-12.41
-9.94
-20.33
-2.12
-14.77
-22.21
-15.56
-12.30
-21.29
-17.52
-21.00
-28.28
-9.15
-15.67
-22.19
-15.77
-12.83
-16.65
-21.83
-18.34
-4.84
-14.11
-16.74
-12.85
-19.67
-14.55
-14.83
-15.61
-17.86
-12.11
-15.84
-13.77
-9.45
-14.29
-20.26
-24.12
-13.73
-21.78
-11.14
-19.20
-25.39
-10.77
-22.95
-0.95
-12.57
-8.01
-12.82
-18.38
-8.29
-24.22
-19.79
-9.42
-9.44
-9.42
-13.43
-21.71
-16.95
-14.89
-10.14
-18.97
-21.48
-16.06
-14.04
-24.65
-12.51
-10.82
-12.53
-16.52
-14.32
-13.17
-13.92
-9.33
-27.07
-11.03
-22.27
-23.97
-14.16
-18.13
-18.13
-14.24
-12.26
-9.85
-22.08
-12.13
-5.76
-11.70
-10.96
-13.84
-16.33
-12.28
-5.58
-15.94
-8.50
-14.82
-18.84
-10.08
-19.29
-21.65
-14.75
-22.36
-16.86
-15.41
-17.33
-11.08
-8.41
-11.03
-15.72
-24.10
-19.14
-16.19
-23.77
-26.02
-15.46
-15.21
-24.37
-18.34
-17.23
-21.27
-15.92
-25.23
-13.06
-32.57
-24.64
-17.26
-18.51
-10.05
-26.74
-19.17
-10.46
-8.30
-11.05
-26.04
-18.33
-14.14
-11.09
-2.59
-2.77
-15.46
-11.24
-21.93
-12.57
-12.57
-24.00
-10.47
-10.75
-9.99
-1.79
-13.60
-19.12
-21.74
-13.20
-15.86
-20.43
-14.26
-16.45
-13.41
-22.79
-13.37
-20.44
-17.17
-4.65
-14.88
-17.13
-20.05
-10.71
-21.97
-11.31
-7.94
-16.04
-13.32
-20.43
-8.79
-16.05
-26.70
-14.70
-14.03
-12.79
-19.19
-18.65
-13.78
-22.11
-12.10
-16.23
-21.24
-14.06
-11.15
-19.31
-20.48
-17.69
-10.69
-16.45
-22.28
-13.35
-21.40
-11.87
-16.57
-17.05
-12.51
-22.48
-11.71
-11.72
-26.13
-19.98
-20.25
-21.68
-19.24
-19.11
-13.11
-9.91
-17.06
-11.76
-9.69
-18.98
-15.11
-14.82
-23.46
-9.81
-6.85
-13.02
-18.50
-11.74
-20.59
-0.64
-14.95
-15.32
-7.79
-14.96
-12.50
-13.93
-14.26
-19.51
-8.88
-24.04
-16.55
-15.97
-18.67
-14.12
-13.51
-19.42
-24.54
-16.62
-21.98
-10.53
-10.44
-12.35
-22.27
-13.78
-11.72
-22.02
-18.55
-18.09
-12.31
-20.36
-8.99
-15.77
-14.79
-16.49
-16.07
-25.51
-16.33
-13.85
-11.77
-11.36
-20.28
-17.95
-19.59
-12.89
-17.74
-13.28
-5.64
-23.97
-17.08
-11.00
-9.64
-23.37
-19.04
-12.67
-10.13
-6.69
-22.42
-25.27
-14.73
-10.68
-16.10
-11.50
-12.00
-10.73
-11.56
-17.54
-14.67
-16.27
-24.24
-16.82
-18.09
-10.72
-18.14
-13.70
-13.58
-2.75
-19.38
-4.82
-21.12
-11.80
-11.85
-14.40
-17.33
-21.36
-13.60
-17.74
-12.96
-18.55
-12.87
-17.14
-14.44
-13.58
-23.07
-3.21
-10.20
-12.24
-13.07
-15.82
-15.78
-19.23
-12.52
-15.90
-26.14
-22.22
-21.00
-14.62
-14.52
-1.38
-15.08
-17.53
-9.85
-16.08
-10.04
-11.36
-10.30
-18.98
-14.70
-5.60
-17.98
-0.54
-11.56
-12.79
-10.15
-14.89
-17.27
-13.69
-14.24
-22.45
-11.55
-26.90
-9.03
-13.92
-23.68
-8.69
-15.80
-12.10
-6.46
-18.21
-2.49
-17.55
-17.26
-14.82
-15.97
-23.36
-21.03
-17.75
-21.02
-14.28
-24.97
-19.27
-18.27
-9.66
-20.44
-20.47
-9.85
-16.00
-4.89
-23.58
-6.56
-23.07
-17.79
-19.41
-20.10
-15.52
-18.37
-8.47
-14.68
-15.56
-12.61
-15.40
-12.03
-17.94
-17.33
-22.67
-17.79
-18.96
-22.55
-18.58
-7.80
-9.35
-10.24
-21.85
-17.91
-13.00
-11.08
-8.95
-13.18
-21.28
-15.85
-18.72
-20.20
-14.64
-10.27
-12.33
-7.64
-0.18
-15.85
-10.17
-18.36
-15.44
-19.56
-16.69
-22.67
-11.19
-12.46
-24.48
-14.96
-11.85
-11.15
-7.92
-11.49
-14.90
-13.84
-23.39
-15.44
-16.35
-14.50
-14.41
-7.19
-13.88
-15.85
-10.16
-19.18
-9.99
-12.24
-21.27
-15.68
-14.93
-13.42
-11.79
-8.90
-8.11
-5.51
-12.74
-17.12
-6.87
-20.63
-28.29
-16.27
-19.85
-12.04
-17.87
-2.38
-14.39
-13.44
-10.20
-17.82
-12.40
-14.33
-11.73
-6.24
-12.97
-15.01
-18.21
-20.39
-16.10
-18.48
-13.93
-28.17
-14.63
-20.34
-14.01
-10.02
-18.07
-17.37
-21.05
-13.61
-22.22
-20.71
-13.91
-21.22
-16.77
-7.04
-15.11
-10.38
-18.71
-10.26
-12.64
-13.51
-19.04
-12.19
-16.47
-16.20
-12.79
-17.66
-14.15
-11.00
-15.27
-9.23
-13.19
-15.08
-23.17
-24.40
-12.00
-13.98
-15.11
-19.66
-22.09
-20.51
-2.25
-13.12
-28.42
-18.22
-16.56
-16.73
-20.29
-32.06
-16.06
-15.61
-13.81
-7.93
-20.45
-14.25
-15.46
-11.03
-12.17
-19.30
-22.20
-10.63
-16.25
-21.12
-14.24
-17.15
-7.32
-14.22
-3.44
-21.63
-15.65
-14.57
-18.97
-21.18
-2.38
-23.67
-14.78
-7.56
-13.22
-15.36
-13.59
-27.19
-10.47
-23.11
-13.07
-20.89
-16.87
-6.63
-15.45
-19.82
-10.89
-16.69
-17.49
-16.22
-12.98
-17.74
-14.39
-17.72
-13.99
-8.97
-16.63
-16.63
-7.79
-15.23
-11.35
-15.89
-22.96
-16.11
-20.05
-20.61
-11.68
-15.60
-3.35
-13.78
-14.58
-3.76
-8.21
-15.45
-13.26
-13.03
-11.68
-11.48
-23.87
-12.41
-18.29
-16.57
-8.90
-14.30
-9.42
-19.77
-7.67
-5.54
-17.94
-15.47
-15.19
-16.97
-12.84
-10.25
-16.92
-14.85
-26.26
-13.88
-7.07
-17.27
-19.84
-15.16
-14.34
-19.00
-15.59
-17.74
-13.69
-21.46
-2.73
-14.06
-18.62
-17.59
-16.88
-28.29
-13.84
-23.09
-12.61
-12.12
-11.87
-12.55
-9.91
-19.35
-19.02
-29.27
-13.88
-3.00
-22.42
-15.00
-17.81
-15.75
-13.82
-12.79
-19.41
-14.50
-15.15
-22.29
-11.47
-20.72
-18.14
-18.92
-18.17
-6.98
-18.00
-24.49
-13.71
-24.74
-18.87
-12.50
-23.86
-10.20
-9.05
-16.54
-22.16
-28.76
-8.27
-24.22
-22.36
-9.30
-10.70
-9.11
-18.31
-16.83
-14.88
-29.57
-15.75
-18.48
-14.29
-16.09
-19.49
-29.27
-11.42
-15.48
-7.55
-7.55
-14.06
-18.73
-15.54
-5.31
-8.36
-14.97
-17.40
-11.99
-11.99
-13.08
-21.30
-8.38
-2.63
-7.75
-11.66
-17.67
-9.62
-16.46
-18.70
-13.83
-21.31
-17.36
-16.25
-15.82
-14.58
-16.91
-15.87
-26.86
-16.92
-6.48
-12.01
-19.31
-11.24
-14.46
-15.16
-12.76
-15.45
-17.26
-16.24
-18.90
-23.79
-26.78
-11.22
-14.24
-14.06
-7.57
-9.40
-13.43
-4.01
-9.70
-21.41
-11.71
-11.91
-14.98
-17.27
-25.98
-17.69
-21.46
-18.27
-17.36
-7.79
-21.99
-11.57
-26.93
-3.17
-24.97
-24.82
-18.22
-6.87
-12.28
-17.57
-19.37
-7.86
-8.78
-13.66
-12.10
-16.30
-8.51
-17.38
-12.84
-16.28
-7.62
-15.83
-17.27
-28.62
-10.48
-14.91
-14.80
-11.30
-9.24
-6.12
-15.25
-14.36
-12.39
-12.57
-22.36
-3.72
-17.04
-10.63
-3.16
-11.64
-20.28
-7.10
-15.00
-5.29
-23.15
-15.25
-12.50
-20.01
-15.31
-8.59
-17.93
-16.42
-12.63
-20.27
-19.24
-21.48
-16.33
-10.16
-11.70
-16.38
-8.42
-13.30
-10.72
-11.44
-10.97
-13.73
-18.36
-25.46
-14.72
-12.80
-14.38
-15.75
-15.86
-15.08
-12.56
-27.28
-22.20
-19.24
-21.39
-9.76
-13.90
-17.08
-14.99
-11.92
-20.55
-16.26
-15.66
-24.20
-14.75
-17.27
-29.45
-15.50
-19.34
-15.40
-22.95
-10.03
-17.70
-13.51
-14.60
-24.75
-18.81
-17.03
-18.48
-8.26
-10.49
-16.98
-17.69
-15.71
-13.71
-9.45
-18.80
-21.27
-22.35
-23.47
-17.56
-15.10
-12.50
-13.61
-17.41
-21.46
-15.83
-11.43
-16.92
-13.88
-19.10
-19.48
-17.46
-16.37
-11.57
-20.64
-14.80
-15.58
-12.29
-8.91
-16.75
-20.55
-11.58
-17.57
-15.48
-7.44
-16.23
-21.90
-24.83
-13.64
-10.93
-12.42
-28.64
-21.52
-19.62
-10.65
-14.37
-16.42
-15.59
-21.66
-16.23
-17.73
-14.99
-9.84
-13.81
-7.18
-18.13
-13.84
-15.76
-15.05
-10.25
-12.28
-7.31
-19.50
-19.14
-11.59
-18.32
-19.78
-11.18
-19.73
-20.77
-6.82
-18.63
-24.70
-20.75
-21.72
-22.89
-9.78
-16.06
-9.50
-14.89
-15.66
-17.57
-11.95
-14.09
-22.58
-1.66
-17.73
-9.19
-15.87
-12.47
-28.61
-14.53
-14.31
-13.26
-22.57
-12.07
-20.29
-17.04
-17.24
-13.29
-6.84
-8.88
-12.86
-16.40
-15.71
-9.21
-12.63
-15.32
-19.20
-19.38
-15.75
-15.75
-18.39
-11.20
-18.33
-16.80
-19.17
-17.48
-21.72
-16.42
-11.41
-18.63
-4.07
-11.08
-10.69
-10.69
-17.19
-16.72
-17.41
-12.73
-12.81
-4.43
-7.23
-17.54
-10.83
-13.58
-14.93
-17.51
-10.69
-17.73
-21.90
-13.13
-10.15
-16.16
-12.35
-15.66
-19.59
-12.08
-14.37
-19.04
-11.53
-8.10
-17.73
-18.24
-12.30
-16.32
-20.30
-14.19
-24.14
-27.05
-16.15
-15.56
-12.43
-17.11
-15.09
-11.57
-15.52
-15.37
-21.47
-11.86
-14.59
-5.89
-20.79
-14.07
-19.73
-19.88
-16.10
-14.00
-27.02
-19.18
-10.71
-2.87
-16.68
-16.19
-17.85
-24.67
-12.36
-15.85
-18.79
-12.10
-17.62
-23.19
-7.80
-16.42
-21.07
-9.89
-22.24
-10.59
-19.95
-18.59
-27.24
-11.19
-20.98
-12.84
-21.68
-9.95
-14.90
-9.43
-9.44
-17.61
-14.99
-20.39
-14.30
-14.27
-15.28
-14.49
-15.09
-14.20
-16.38
-17.97
-11.28
-10.81
-22.02
-18.80
-8.18
-22.57
-10.19
-13.81
-19.01
-22.87
-10.83
-9.47
-9.76
-19.39
-11.91
-8.42
-16.88
-22.02
-9.67
-13.99
-17.75
-22.89
-9.31
-0.93
-17.61
-16.18
-9.03
-23.15
-9.67
-16.73
-18.39
-12.26
-11.39
-9.66
-13.55
-14.23
-10.75
-17.78
-9.01
-13.84
-14.90
-16.44
-19.43
-6.54
-22.18
-17.30
-9.10
-7.49
-17.09
-14.30
-15.06
-9.95
-17.44
-13.12
-14.18
-17.40
-20.51
-5.29
-12.32
-10.17
-18.33
-18.37
-14.99
-16.57
-13.95
-27.62
-19.38
-8.34
-17.16
-15.12
-11.38
-19.01
-16.96
-25.60
-20.91
-18.60
-15.93
-13.01
-20.42
-16.46
-9.99
-19.03
-9.74
-17.33
-13.31
-11.59
-13.17
-9.66
-21.45
-14.01
-10.30
-10.19
-19.77
-13.51
-21.37
-20.69
-19.78
-11.30
-12.51
-7.86
-28.91
-7.96
-4.04
-16.13
-21.55
-13.19
-11.36
-16.27
-16.40
-10.10
-8.87
-14.31
-19.79
-11.97
-12.21
-17.09
-23.87
-16.25
-6.12
-10.50
-11.36
-18.49
-8.14
-16.02
-22.92
-18.57
-13.90
-7.35
-15.31
-26.58
-26.31
-20.89
-15.41
-18.00
-9.71
-30.80
-15.30
-17.57
-14.63
-26.67
-21.29
-6.71
-14.97
-17.71
-7.11
-8.12
-16.92
-10.64
-18.66
-10.30
-14.32
-22.58
-9.91
-14.75
-24.78
-19.46
-6.59
-9.90
-14.30
-17.93
-18.81
-23.64
-16.51
-17.73
-17.96
-13.13
-7.43
-18.31
-13.21
-18.47
-13.93
-11.24
-12.60
-18.25
-14.37
-3.35
-16.37
-10.35
-18.93
-18.74
-17.57
-15.07
-9.46
-9.77
-17.00
-9.00
-23.42
-24.42
-14.54
-21.09
-11.99
-19.39
-14.29
-18.70
-11.00
-7.45
-11.65
-20.65
-21.41
-29.26
-17.45
-7.33
-10.16
-10.02
-19.45
-16.35
-22.58
-24.45
-18.63
-22.18
-27.83
-16.30
-20.92
-11.64
-8.42
-8.42
-16.72
-15.07
-9.92
-16.20
-11.95
-5.28
-10.62
-6.68
-15.38
-21.89
-13.81
-22.15
-11.59
-11.70
-14.66
-6.81
-18.29
-12.60
-15.89
-6.65
-21.92
-20.11
-16.07
-13.82
-3.25
-18.55
-22.53
-11.15
-16.70
-22.61
-16.50
-18.67
-9.22
-12.70
-29.56
-17.14
-20.38
-14.44
-19.29
-11.12
-17.91
-15.09
-14.61
-16.42
-23.51
-24.26
-18.07
-14.29
-11.31
-20.28
-17.44
-26.60
-16.05
-20.16
-13.17
-12.40
-13.23
-17.32
-15.04
-21.91
-7.55
-18.97
-25.16
-11.77
-22.41
-15.90
-18.45
-16.72
-14.36
-21.71
-24.69
-28.18
-10.96
-16.19
-18.67
-17.53
-6.69
-9.65
-8.86
-12.46
-23.59
-20.67
-24.63
-26.23
-14.74
-1.05
-13.76
-16.55
-27.58
-5.64
-15.27
-4.69
-18.15
-23.79
-11.76
-14.76
-21.80
-14.57
-11.20
-16.98
-9.63
-14.77
-13.46
-7.04
-12.44
-12.56
-8.05
-22.17
-20.76
-16.10
-6.75
-8.11
-15.31
-11.97
-9.84
-7.85
-12.96
-17.84
-7.69
-12.59
-18.80
-16.48
-15.33
-14.07
-15.58
-10.45
-18.10
-9.56
-24.87
-13.42
-21.15
-11.67
-15.93
-13.09
-11.26
-17.99
-19.36
-17.48
-11.18
-20.02
-16.34
-29.83
-17.71
-18.04
-14.50
-16.97
-9.08
-14.15
-20.97
-18.41
-16.00
-21.50
-14.89
-16.09
-15.91
-12.45
-17.22
-10.43
-18.43
-18.61
-9.39
-16.21
-16.49
-3.94
-26.54
-10.69
-15.64
-17.79
-17.91
-17.80
-18.85
-28.18
-13.54
-2.42
-14.69
-14.91
-13.43
-7.21
-3.59
-19.15
-22.05
-19.27
-12.01
-12.48
-12.36
-13.23
-10.14
-16.30
-17.24
-12.70
-20.08
-11.40
-16.00
-10.12
-18.40
-16.36
-20.89
-10.08
-9.62
-18.84
-16.60
-12.52
-15.17
-14.24
-16.67
-12.84
-21.43
-14.56
-10.70
-16.92
-24.92
-6.53
-18.54
-13.17
-10.44
-14.57
-12.88
-16.42
-11.11
-18.07
-11.77
-16.58
-21.94
-13.44
-21.74
-9.36
-16.31
-17.47
-18.11
-21.99
-13.17
-18.45
-21.12
-19.94
-12.43
-6.66
-12.07
-27.72
-9.62
-17.08
-28.07
-8.82
-7.47
-19.11
-18.73
-24.23
-22.53
-11.69
-21.70
-14.02
-17.66
-14.16
-12.18
-16.16
-13.94
-12.10
-11.13
-13.95
-11.34
-10.50
-11.99
-27.05
-19.25
-14.53
-10.65
-13.37
-12.22
-19.57
-11.41
-9.93
-21.43
-21.05
-21.54
-20.47
-12.95
-11.32
-17.03
-11.67
-12.17
-20.45
-16.41
-17.48
-17.74
-7.34
-21.34
-13.35
-10.74
-8.72
-15.36
-18.95
-16.83
-16.57
-7.41
-15.89
-23.75
-19.36
-12.57
-13.98
-9.57
-17.93
-19.15
-18.32
-13.59
-16.08
-13.75
-8.36
-10.10
-18.13
-10.61
-18.07
-8.56
-17.25
-17.76
-10.26
-17.15
-22.78
-20.74
-19.28
-14.21
-8.26
-16.76
-16.15
-19.66
-14.88
-13.57
-16.39
-12.18
-11.83
-13.98
-13.69
-25.37
-19.79
-11.63
-11.60
-16.09
-15.32
-21.94
-11.80
-19.19
-26.06
-17.76
-9.14
-20.11
-14.03
-15.44
-21.94
-24.46
-11.20
-22.96
-16.49
-12.72
-9.05
-21.55
-17.42
-18.20
-8.05
-17.18
-9.58
-12.70
-17.27
-28.39
-22.41
-11.12
-22.83
-11.07
-11.31
-9.53
-15.39
-4.98
-12.20
-20.10
-8.56
-21.51
-16.25
-11.24
-23.36
-11.79
-14.58
-15.38
-25.09
-16.16
-14.45
-23.81
-18.06
-1.93
-14.62
-15.30
-11.68
-15.26
-9.45
-9.45
-6.70
-10.28
-17.21
-8.05
-22.82
-24.21
-20.17
-16.75
-5.17
-15.14
-20.45
-13.21
-12.30
-11.34
-11.51
-25.91
-25.32
-18.45
-21.26
-11.62
-10.10
-20.98
-8.45
-22.19
-9.70
-11.39
-8.55
-13.32
-13.80
-10.37
-14.73
-13.96
-15.16
-17.59
-21.29
-2.52
-11.79
-10.73
-15.30
-13.22
-14.10
-13.04
-10.24
-3.98
-15.73
-5.68
-22.78
-11.25
-12.32
-22.37
-17.02
-20.41
-14.99
-20.58
-12.03
-16.89
-15.97
-12.82
-6.10
-6.26
-20.41
-24.83
-16.31
-10.15
-26.04
-18.29
-19.69
-5.20
-21.29
-18.48
-16.17
-24.60
-15.18
-22.29
-19.59
-23.23
-12.66
-4.67
-19.11
-16.92
-26.74
-12.20
-12.03
-17.15
-7.97
-7.54
-6.18
-7.08
-14.33
-23.38
-15.04
-22.78
-15.27
-12.58
-15.05
-12.69
-11.55
-16.99
-17.90
-19.82
-13.38
-7.05
-14.87
-17.56
-17.53
-7.62
-10.55
-14.60
-13.63
-16.70
-17.82
-8.93
-8.38
-20.68
-12.28
-12.08
-23.74
-11.59
-9.64
-20.22
-15.59
-17.50
-18.10
-11.63
-6.96
-14.32
-17.57
-8.60
-19.81
-10.92
-24.80
-19.46
-16.77
-20.28
-3.16
-7.93
-20.66
-18.18
-11.33
-19.63
-12.00
-12.71
-18.20
-18.56
-16.92
-20.63
-16.87
-6.77
-24.15
-18.12
-19.11
-14.30
-11.32
-15.30
-16.34
-16.30
-16.49
-13.50
-18.98
-13.98
-14.42
-14.01
-16.54
-11.73
-20.49
-19.71
-19.90
-13.36
-13.46
-14.12
-11.74
-10.64
-22.80
-21.48
-17.95
-23.12
-11.41
-17.84
-14.15
-15.91
-23.78
-12.11
-9.24
-19.49
-19.17
-22.99
-11.46
-17.49
-23.11
-17.20
-23.79
-12.18
-11.07
-6.95
-23.26
-12.43
-7.97
-16.81
-2.35
-20.19
-19.68
-19.61
-10.81
-19.93
-15.27
-13.26
-13.89
-8.40
-13.56
-11.80
-10.91
-16.58
-18.55
-20.49
-17.25
-13.64
-15.55
-17.35
-11.12
-4.17
-1.43
-8.84
-16.37
-17.35
-18.09
-7.74
-7.62
-19.36
-23.63
-19.07
-14.42
-19.19
-23.55
-17.69
-22.62
-12.93
-21.08
-15.52
-18.82
-18.26
-22.17
-9.55
-10.77
-23.81
-13.74
-13.01
-20.84
-13.44
-11.21
-18.78
-10.29
-13.39
-11.26
-6.81
-18.77
-17.78
-16.59
-16.94
-9.91
-7.39
-18.62
-9.87
-17.13
-12.25
-18.13
-10.51
-9.85
-11.02
-22.27
-17.54
-10.29
-17.59
-15.91
-12.66
-18.02
-13.78
-12.68
-19.84
-24.55
-20.96
-14.04
-7.98
-8.32
-11.52
-12.56
-13.74
-15.73
-5.24
-18.34
-19.35
-22.44
-14.87
-12.32
-19.33
-14.43
-22.17
-29.81
-11.02
-22.63
-9.87
-20.02
-9.32
-20.89
-5.64
-12.71
-9.91
-10.26
-17.08
-13.84
-10.16
-8.08
-16.29
-19.72
-14.18
-3.14
-17.85
-27.17
-17.69
-20.98
-11.56
-16.91
-16.70
-9.92
-10.62
-13.57
-17.96
-13.68
-10.47
-13.64
-10.52
-20.83
-14.52
-17.77
-24.63
-12.65
-12.33
-12.05
-20.14
-14.01
-16.52
-12.64
-18.26
-12.75
-13.44
-13.74
-12.69
-14.18
-17.79
-17.64
-10.89
-20.65
-21.18
-19.18
-20.42
-12.24
-19.24
-19.75
-17.38
-11.38
-29.40
-16.64
-19.21
-19.18
-12.96
-20.39
-17.84
-14.03
-2.65
-19.37
-23.81
-14.86
-17.79
-14.78
-24.59
-14.29
-16.26
-19.42
-13.89
-14.71
-20.80
-19.72
-14.05
-13.88
-14.66
-18.54
-8.78
-4.80
-15.83
-26.27
-18.54
-17.98
-16.42
-16.10
-16.89
-19.26
-19.46
-9.46
-23.94
-11.62
-14.97
-14.17
-15.10
-15.82
-12.61
-6.90
-20.17
-18.08
-13.81
-21.91
-26.02
-20.61
-8.50
-6.72
-21.61
-20.63
-14.73
-12.31
-25.41
-9.35
-11.53
-10.66
-15.64
-17.11
-24.30
-14.00
-16.51
-18.20
-13.13
-10.53
-11.69
-21.54
-15.83
-12.61
-2.04
-8.80
-15.33
-10.54
-10.54
-11.51
-24.89
-17.99
-11.77
-23.96
-22.52
-11.06
-36.36
-23.85
-10.28
-22.54
-12.46
-28.70
-8.71
-16.80
-20.27
-21.10
-16.85
-18.96
-26.16
-21.13
-20.02
-17.90
-8.76
-26.17
-14.16
-20.75
-15.88
-14.46
-14.61
-9.59
-22.89
-12.40
-13.74
-11.17
-13.97
-23.39
-11.79
-13.15
-25.38
-16.51
-6.83
-10.64
-20.98
-7.67
-23.56
-19.98
-13.98
-11.28
-12.81
-20.01
-10.04
-10.42
-14.61
-16.94
-7.91
-17.56
-6.22
-17.59
-13.45
-18.30
-11.46
-9.77
-11.57
-12.56
-24.56
-19.52
-18.76
-12.34
-15.21
-21.78
-16.50
-17.17
-20.14
-13.55
-13.81
-16.09
-18.38
-14.00
-15.16
-13.81
-17.34
-11.72
-10.64
-11.95
-14.58
-11.09
-15.93
-8.24
-12.31
-11.64
-14.16
-12.92
-20.62
-11.49
-8.45
-14.00
-20.81
-16.88
-8.31
-10.69
-22.02
-17.54
-17.26
-16.39
-12.10
-21.09
-11.13
-5.44
-21.64
-9.46
-7.49
-13.14
-11.32
-8.76
-15.42
-11.39
-12.23
-13.52
-13.89
-9.89
-16.38
-3.08
-19.85
-19.67
-12.16
-19.28
-25.12
-23.37
-11.02
-13.10
-12.91
-12.00
-12.49
-14.44
-18.84
-15.98
-17.71
-18.92
-21.86
-20.66
-12.12
-21.60
-10.19
-12.41
-15.80
-16.35
-9.21
-13.79
-12.81
-7.34
-15.06
-22.86
-5.27
-12.92
-15.02
-18.85
-14.80
-7.75
-9.16
-18.61
-14.07
-18.73
-10.41
-11.59
-14.64
-10.42
-17.68
-11.91
-15.97
-16.34
-17.25
-11.39
-19.00
-33.56
-17.11
-13.69
-25.93
-2.42
-14.88
-25.32
-15.13
-24.78
-12.65
-27.22
-23.88
-13.04
-15.66
-16.51
-13.09
-20.07
-18.79
-9.82
-11.99
-16.54
-9.49
-9.82
-16.03
-6.36
-16.56
-18.43
-15.53
-18.04
-10.37
-16.38
-19.27
-21.14
-6.38
-20.61
-22.34
-21.35
-18.28
-15.03
-15.59
-11.91
-17.34
-8.31
-16.74
-9.69
-17.91
-12.97
-13.66
-14.97
-26.82
-18.94
-14.49
-16.68
-12.99
-21.04
-11.87
-24.26
-15.35
-12.98
-25.82
-14.49
-16.35
-20.59
-3.81
-23.26
-15.27
-19.33
-7.23
-12.11
-10.78
-18.58
-17.23
-21.60
-19.40
-15.67
-17.79
-11.47
-19.32
-9.65
-19.41
-11.72
-16.01
-20.69
-17.89
-18.52
-9.63
-13.09
-18.65
-21.90
-20.91
-26.48
-18.74
-14.05
-14.88
-38.38
-16.73
-14.93
-12.49
-21.05
-19.30
-15.28
-8.62
-17.49
-8.62
-31.09
-19.75
-15.54
-23.00
-21.66
-18.83
-8.67
-13.77
-19.63
-13.25
-21.60
-13.00
-7.17
-16.60
-11.12
-12.96
-19.27
-10.45
-15.65
-25.94
-9.40
-20.86
-7.71
-19.08
-3.80
-15.66
-4.70
-9.01
-12.55
-23.31
-16.34
-13.31
-13.23
-9.13
-8.74
-23.91
-22.76
-17.02
-13.28
-15.52
-14.94
-17.23
-24.10
-13.31
-19.95
-10.32
-13.90
-12.54
-15.24
-13.60
-11.94
-15.03
-18.38
-19.66
-13.21
-22.97
-13.75
-14.11
-13.17
-16.87
-16.90
-16.90
-14.04
-9.84
-26.51
-18.36
-14.74
-14.11
-1.98
-17.47
-19.94
-18.58
-16.47
-23.96
-11.28
-21.73
-22.59
-23.16
-30.36
-23.26
-16.31
-16.51
-19.75
-20.60
-13.18
-22.92
-21.38
-18.95
-12.58
-18.04
-19.20
-10.49
-12.66
-14.07
-13.25
-7.20
-13.43
-26.93
-19.29
-13.15
-15.54
-18.75
-17.60
-18.35
-16.82
-8.22
-21.90
-17.11
-15.50
-21.23
-20.66
-10.44
-12.55
-21.99
-16.00
-14.67
-23.89
-9.75
-10.02
-18.91
-25.94
-20.25
-25.45
-14.82
-19.74
-22.65
-7.77
-16.63
-6.69
-21.46
-17.22
-24.99
-14.73
-14.98
-20.28
-19.76
-17.87
-15.52
-17.77
-16.01
-17.64
-18.12
-22.98
-13.16
-21.03
-16.70
-18.39
-16.60
-19.15
-20.23
-13.63
-12.67
-10.55
-21.83
-10.18
-15.08
-19.40
-13.61
-16.94
-10.50
-9.42
-4.00
-18.51
-6.92
-17.52
-10.16
-14.68
-24.70
-19.16
-20.51
-17.08
-15.02
-22.74
-10.67
-9.92
-10.16
-23.12
-19.20
-9.58
-15.16
-15.35
-19.17
-18.83
-21.13
-13.75
-7.82
-29.86
-11.76
-10.40
-16.48
-16.03
-21.19
-11.73
-5.01
-24.11
-13.17
-16.57
-14.31
-6.22
-23.39
-19.99
-19.47
-13.15
-14.84
-15.84
-13.24
-14.03
-18.57
-15.12
-9.89
-14.01
-22.04
-20.69
-7.51
-10.56
-15.59
-17.77
-20.78
-18.86
-9.61
-9.16
-8.77
-11.01
-11.36
-12.71
-14.32
-23.58
-11.35
-12.27
-23.64
-12.55
-9.63
-6.86
-12.50
-12.50
-9.01
-15.72
-22.17
-16.02
-13.15
-29.07
-8.17
-11.78
-15.11
-25.08
-14.07
-18.46
-26.68
-14.81
-18.43
-18.57
-10.94
-21.49
-10.91
-22.03
-24.42
-17.40
-21.23
-13.59
-10.79
-13.68
-13.13
-21.54
-18.85
-15.62
-15.19
-14.31
-16.30
-9.21
-18.50
-17.18
-20.89
-16.95
-15.58
-19.41
-17.27
-14.69
-16.01
-23.33
-12.85
-11.67
-21.80
-13.72
-11.04
-16.12
-7.08
-16.61
-15.15
-14.73
-15.31
-14.59
-5.66
-16.25
-19.22
-20.69
-6.91
-10.19
-15.22
-21.52
-14.00
-15.06
-23.25
-18.55
-12.12
-27.91
-14.07
-19.77
-12.43
-10.14
-14.84
-24.05
-16.94
-9.59
-12.24
-20.32
-14.36
-14.45
-11.03
-13.09
-20.58
-12.09
-24.44
-17.05
-16.24
-13.24
-21.08
-14.17
-16.83
-16.80
-15.70
-16.92
-14.97
-11.72
-17.11
-13.69
-23.07
-14.98
-14.98
-16.91
-17.00
-19.70
-13.31
-13.89
-5.95
-6.77
-14.12
-4.24
-12.94
-10.01
-14.66
-20.90
-12.93
-13.82
-12.02
-9.57
-24.79
-6.84
-11.85
-18.07
-11.41
-15.22
-18.61
-15.54
-21.99
-16.20
-3.82
-9.43
-17.14
-21.11
-3.76
-16.38
-11.34
-19.51
-16.88
-15.23
-13.52
-7.86
-10.00
-13.10
-20.68
-15.46
-23.65
-4.76
-25.76
-20.05
-14.27
-12.62
-23.84
-11.84
-25.26
-17.32
-14.03
-10.19
-12.89
-5.86
-17.20
-16.26
-12.50
-12.56
-21.96
-26.32
-20.19
-10.00
-17.68
-12.12
-16.69
-8.06
-11.21
-9.62
-11.05
-3.42
-16.28
-22.01
-21.75
-21.96
-7.47
-22.03
-22.82
-9.89
-10.68
-18.94
-23.61
-20.65
-11.46
-13.58
-14.46
-15.30
-17.72
-13.65
-15.48
-13.55
-14.14
-5.72
-17.17
-18.16
-22.59
-9.02
-14.88
-11.96
-14.74
-16.53
-20.64
-15.91
-14.79
-27.11
-14.47
-17.91
-5.07
-21.01
-23.85
-18.05
-20.26
-14.00
-17.00
-16.92
-18.83
-17.48
-15.68
-9.05
-15.01
-8.89
-23.35
-23.10
-14.97
-20.54
-13.30
-9.31
-16.50
-17.10
-9.36
-10.68
-12.26
-18.90
-4.62
-10.23
-17.42
-9.93
-14.22
-23.92
-20.49
-19.63
-14.68
-20.44
-2.64
-7.57
-4.17
-20.39
-15.33
-8.53
-12.82
-13.78
-12.29
-20.90
-14.32
-17.04
-16.20
-17.89
-19.88
-13.43
-8.03
-14.76
-16.61
-19.82
-19.79
-19.53
-12.08
-13.53
-19.22
-19.22
-9.91
-14.94
-12.87
-12.87
-17.72
-16.54
-20.77
-23.38
-15.11
-13.85
-16.90
-14.07
-13.14
-20.14
-17.83
-14.27
-10.68
-20.35
-9.23
-11.37
-9.52
-11.06
-16.48
-16.50
-19.39
-9.46
-15.06
-19.41
-11.78
-9.15
-12.14
-20.26
-20.15
-15.88
-15.66
-24.90
-6.55
-12.63
-16.37
-8.94
-10.77
-13.27
-12.50
-12.03
-13.38
-13.23
-15.59
-29.18
-9.39
-13.70
-24.40
-14.64
-17.52
-13.61
-20.85
-18.76
-11.24
-13.20
-14.65
-15.72
-15.41
-17.83
-21.04
-9.73
-18.28
-14.45
-9.33
-19.57
-25.56
-12.51
-22.38
-8.55
-9.19
-26.06
-12.47
-12.57
-6.81
-19.18
-10.94
-7.80
-15.56
-11.97
-15.01
-23.67
-8.53
-12.69
-18.44
-9.50
-17.09
-4.36
-12.85
-27.31
-14.42
-15.87
-12.48
-16.03
-10.58
-15.93
-17.29
-8.23
-20.21
-11.50
-8.46
-9.95
-19.72
-18.94
-12.59
-23.55
-20.96
-11.83
-22.18
-5.40
-18.41
-21.05
-15.35
-16.23
-20.69
-17.79
-18.66
-24.41
-13.63
-15.13
-19.66
-17.07
-8.28
-7.56
-11.96
-10.68
-21.07
-21.54
-20.20
-16.46
-11.48
-11.67
-21.78
-19.24
-19.42
-10.99
-9.69
-16.14
-15.59
-24.22
-18.64
-18.68
-8.40
-11.89
-13.99
-14.90
-15.88
-11.36
-16.85
-8.63
-10.88
-14.47
-15.07
-13.03
-11.28
-18.92
-21.63
-17.88
-15.46
-17.79
-12.55
-13.42
-12.61
-18.55
-27.98
-18.88
-14.20
-17.11
-6.18
-16.36
-23.03
-16.49
-22.76
-16.91
-24.83
-19.54
-6.97
-15.68
-15.68
-13.49
-17.60
-18.73
-18.49
-17.45
-15.95
-17.80
-5.30
-16.03
-16.39
-16.74
-8.45
-17.80
-15.07
-20.81
-29.47
-26.04
-16.67
-19.68
-11.59
-15.02
-20.83
-10.72
-14.68
-12.21
-17.05
-16.52
-25.72
-16.62
-14.24
-17.54
-20.03
-11.60
-9.71
-16.50
-13.45
-17.34
-19.75
-6.54
-21.31
-11.81
-20.50
-19.41
-17.13
-13.40
-18.13
-14.51
-8.70
-12.75
-24.58
-11.93
-22.07
-18.31
-16.59
-23.89
-20.67
-17.87
-20.45
-16.39
-8.05
-13.09
-8.71
-8.12
-16.14
-7.23
-4.96
-12.73
-16.59
-10.74
-20.84
-21.58
-18.34
-10.84
-13.80
-13.63
-23.08
-4.48
-26.19
-13.54
-17.54
-13.47
-17.95
-20.71
-11.24
-12.12
-6.23
-11.15
-16.19
-9.78
-13.98
-9.92
-27.73
-19.11
-14.26
-14.06
-15.22
-16.40
-16.38
-14.39
-10.35
-11.77
-17.54
-24.24
-11.21
-13.52
-4.51
-11.08
-23.05
-26.70
-13.71
-11.45
-19.67
-11.15
-12.68
-12.17
-9.37
-12.98
-17.12
-22.95
-15.74
-22.13
-6.27
-13.89
-7.38
-4.33
-17.71
-15.61
-14.04
-16.40
-10.56
-22.80
-15.05
-14.83
-23.85
-12.17
-22.33
-11.88
-26.25
-20.64
-15.52
-19.79
-12.46
-13.26
-26.70
-7.70
-15.29
-11.82
-14.14
-9.34
-22.26
-16.48
-14.98
-12.43
-12.80
-20.37
-20.12
-13.26
-22.27
-11.90
-13.23
-8.08
-17.26
-13.74
-10.90
-22.21
-19.61
-19.81
-24.50
-13.73
-10.54
-13.04
-13.59
-14.30
-23.68
-11.62
-19.97
-20.14
-16.99
-18.86
-9.57
-16.43
-19.05
-19.31
-21.05
-8.06
-11.42
-20.64
-14.46
-20.61
-20.30
-18.04
-19.33
-13.56
-14.49
-5.30
-15.48
-18.99
-15.14
-15.10
-9.74
-19.82
-12.13
-12.04
-17.05
-10.99
-9.38
-21.03
-16.50
-21.00
-19.71
-19.48
-18.48
-12.92
-17.99
-20.18
-27.98
-17.03
-16.17
-20.55
-10.13
-20.58
-20.48
-17.58
-14.06
-10.36
-12.53
-20.24
-19.52
-12.11
-9.92
-25.85
-13.15
-10.99
-21.36
-6.33
-14.83
-17.58
-21.52
-19.42
-9.22
-20.23
-22.09
-11.28
-17.91
-8.16
-18.09
-16.43
-19.01
-21.76
-18.22
-16.35
-13.55
-19.62
-20.37
-15.83
-22.36
-17.92
-5.44
-22.58
-14.29
-14.91
-18.71
-19.42
-21.70
-17.70
-17.91
-17.40
-15.41
-26.26
-18.25
-20.56
-17.05
-17.32
-16.08
-11.50
-16.49
-11.18
-22.99
-18.29
-20.12
-14.78
-18.76
-13.25
-23.26
-19.95
-16.50
-21.24
-18.33
-11.45
-18.10
-13.38
-20.95
-15.00
-11.25
-11.30
-10.40
-13.83
-17.96
-16.64
-13.60
-13.60
-15.41
-16.66
-9.87
-17.76
-17.96
-20.16
-16.93
-19.82
-15.93
-16.86
-18.70
-7.97
-18.63
-18.15
-12.65
-6.91
-14.99
-20.95
-11.15
-14.13
-17.08
-12.12
-14.88
-21.37
-25.52
-16.15
-27.40
-22.28
-9.36
-9.66
-26.37
-8.12
-20.80
-11.57
-24.17
-11.84
-19.80
-16.67
-8.89
-10.57
-15.26
-16.47
-13.39
-8.87
-1.34
-16.96
-12.79
-17.15
-14.16
-21.00
-11.36
-22.24
-20.64
-6.04
-24.89
-18.81
-21.44
-26.70
-19.36
-12.49
-13.02
-20.13
-17.19
-18.66
-15.52
-9.36
-23.32
-13.34
-19.17
-23.33
-16.73
-21.09
-15.57
-14.47
-10.45
-10.66
-13.00
-21.13
-12.51
-18.95
-19.07
-14.47
-20.71
-12.46
-17.46
-18.10
-16.81
-24.84
-19.10
-10.60
-14.38
-18.32
-18.31
-15.88
-6.09
-18.78
-24.96
-23.90
-18.11
-12.80
-15.48
-6.73
-17.74
-15.47
-9.09
-19.62
-17.08
-22.13
-19.65
-13.83
-8.37
-14.94
-14.74
-11.37
-10.08
-14.81
-14.08
-15.26
-19.17
-17.22
-14.98
-17.86
-17.63
-23.73
-14.95
-23.49
-19.63
-10.66
-14.51
-23.10
-19.42
-16.29
-9.90
-20.60
-4.95
-16.80
-8.35
-19.89
-15.85
-25.12
-9.80
-13.28
-14.92
-19.10
-26.40
-5.11
-14.92
-19.72
-19.52
-12.37
-16.97
-21.78
-5.58
-18.85
-12.62
-11.82
-19.34
-13.19
-14.81
-14.93
-9.34
-18.02
-16.15
-20.70
-21.27
-20.35
-13.35
-19.60
-20.93
-16.64
-9.18
-7.31
-13.56
-16.14
-10.47
-19.99
-16.61
-3.73
-13.47
-15.58
-12.13
-18.72
-22.19
-7.76
-23.05
-24.20
-17.25
-21.78
-18.71
-10.26
-2.39
-12.28
-10.78
-16.37
-18.06
-18.90
-16.47
-17.45
-14.55
-15.80
-15.61
-24.98
-18.01
-8.75
-10.32
-12.49
-6.75
-10.57
-13.60
-17.42
-6.51
-20.61
-18.90
-23.61
-17.12
-19.98
-8.29
-14.81
-19.95
-14.77
-10.75
-14.93
-18.23
-11.97
-23.99
-22.61
-16.67
-13.54
-13.60
-16.82
-21.16
-13.56
-15.85
-9.12
-7.16
-12.24
-12.59
-15.72
-16.85
-19.88
-13.25
-18.53
-18.29
-15.19
-14.45
-12.79
-11.89
-16.37
-16.31
-12.19
-22.49
-8.62
-16.89
-16.48
-26.99
-18.44
-5.71
-15.30
-24.57
-13.96
-12.38
-15.92
-13.83
-20.47
-20.76
-20.97
-15.44
-20.03
-18.67
-12.55
-11.76
-16.39
-7.82
-13.20
-10.86
-13.17
-24.87
-17.50
-19.59
-12.05
-14.87
-12.23
-25.48
-16.74
-17.10
-16.82
-16.13
-20.16
-21.87
-12.34
-19.81
-15.17
-19.66
-7.58
-27.83
-17.59
-9.73
-14.81
-18.73
-13.29
-15.22
-23.84
-17.12
-14.84
-16.10
-26.35
-22.58
-12.87
-13.42
-10.99
-16.88
-23.15
-13.77
-16.26
-14.85
-16.31
-18.83
-8.19
-11.77
-24.76
-6.79
-20.31
-13.96
-13.76
-18.15
-21.32
-10.94
-11.98
-12.79
-14.37
-21.76
-18.58
-19.10
-13.05
-12.11
-5.02
-16.23
-13.95
-7.12
-15.48
-18.57
-11.67
-17.75
-18.24
-10.02
-13.42
-13.32
-8.84
-15.80
-18.79
-15.93
-15.48
-20.75
-8.10
-6.90
-25.85
-13.47
-21.68
-14.50
-8.89
-12.33
-19.68
-10.05
-16.59
-7.10
-15.53
-9.39
-13.50
-9.14
-14.53
-22.58
-28.80
-17.15
-13.02
-15.71
-20.19
-24.03
-14.41
-21.83
-14.18
-16.20
-11.67
-8.93
-11.54
-17.47
-16.02
-17.56
-20.40
-22.63
-10.16
-21.62
-7.85
-22.23
-18.42
-19.97
-15.20
-17.94
-28.04
-22.00
-12.56
-18.82
-15.06
-20.38
-11.95
-7.57
-17.62
-19.37
-8.74
-19.12
-10.51
-12.54
-8.11
-13.66
-14.49
-20.42
-11.17
-24.01
-18.30
-16.59
-24.04
-12.26
-11.60
-18.46
-23.62
-21.45
-16.77
-15.93
-11.15
-26.21
-12.00
-11.69
-10.42
-25.51
-11.18
-14.93
-13.37
-5.15
-11.07
-8.12
-11.07
-15.76
-13.91
-18.75
-21.56
-9.08
-19.88
-22.86
-22.31
-12.19
-15.06
-18.70
-15.32
-16.02
-20.07
-14.92
-22.05
-11.68
-23.29
-16.39
-18.15
-10.94
-22.57
-20.31
-7.11
-18.13
-20.83
-11.49
-11.49
-10.54
-18.30
-15.28
-21.53
-21.62
-13.43
-5.17
-22.37
-14.37
-12.37
-13.38
-7.00
-6.80
-10.12
-8.65
-11.80
-12.24
-9.75
-7.75
-30.57
-9.84
-25.70
-24.34
-13.58
-20.80
-10.92
-14.62
-10.82
-9.85
-7.88
-27.16
-16.16
-17.01
-9.81
-15.22
-19.63
-15.13
-16.86
-13.93
-8.70
-13.31
-19.45
-18.93
-10.74
-15.39
-18.12
-5.18
-9.24
-19.57
-15.51
-16.29
-10.21
-9.01
-15.48
-17.54
-17.08
-18.01
-15.08
-8.81
-24.03
-15.66
-15.93
-18.99
