-19.15
-16.10
-26.15
-23.36
-17.93
-11.07
-27.36
-13.96
-16.58
-11.45
-18.12
-15.80
-19.66
-18.99
-14.67
-19.45
-22.36
-20.82
-23.50
-17.01
-20.80
-10.97
-17.31
-23.98
-17.28
-19.85
-15.48
-18.00
-23.58
-20.82
-10.04
-16.05
-23.85
-14.42
-16.19
-33.15
-23.80
-18.96
-16.02
-16.35
-23.33
-15.01
-15.34
-20.75
-24.22
-20.12
-14.32
-12.82
-15.91
-25.03
-14.93
-26.86
-15.51
-17.34
-23.10
-15.88
-18.72
-12.71
-21.22
-23.60
-17.89
-15.70
-9.67
-15.25
-23.72
-16.48
-19.56
-25.58
-24.39
-26.06
-27.24
-19.92
-22.64
-21.45
-18.67
-13.78
-18.95
-16.25
-31.56
-17.75
-14.86
-16.12
-25.58
-18.49
-8.50
-10.95
-24.77
-19.30
-12.90
-18.45
-15.04
-24.34
-16.11
-13.49
-15.16
-15.91
-19.23
-17.40
-22.32
-15.29
-16.47
-22.00
-18.95
-24.71
-21.69
-14.54
-17.30
-19.66
-12.80
-20.49
-18.68
-19.39
-17.36
-18.37
-10.23
-13.32
-12.86
-15.83
-26.40
-13.81
-17.42
-30.85
-20.80
-11.83
-11.85
-23.79
-19.42
-16.84
-20.31
-24.88
-15.16
-14.40
-17.82
-20.69
-16.91
-25.35
-24.24
-12.75
-15.65
-9.35
-10.75
-22.72
-13.43
-20.10
-17.41
-20.76
-21.58
-17.69
-21.71
-19.23
-36.24
-26.28
-25.83
-15.67
-22.18
-13.58
-18.49
-13.83
-14.39
-20.36
-24.57
-21.11
-15.52
-29.59
-13.18
-18.04
-10.12
-9.40
-14.66
-10.84
-18.54
-18.25
-16.08
-19.97
-16.11
-27.51
-21.19
-15.72
-21.73
-13.98
-14.11
-19.41
-19.23
-24.01
-17.73
-13.11
-18.88
-30.11
-18.66
-17.00
-15.46
-25.42
-30.24
-24.14
-12.72
-9.01
-22.10
-20.06
-25.35
-17.10
-17.20
-23.25
-22.70
-22.76
-18.51
-21.42
-12.28
-20.30
-23.11
-29.33
-24.41
-13.17
-27.33
-16.49
-16.92
-15.28
-12.30
-23.22
-20.50
-16.42
-25.98
-19.49
-18.85
-21.23
-16.85
-21.59
-33.28
-25.35
-27.27
-13.66
-8.49
-20.94
-20.70
-11.84
-12.89
-19.29
-21.33
-23.43
-20.14
-15.49
-25.11
-13.93
-20.62
-14.21
-12.01
-10.82
-15.11
-19.72
-27.76
-18.85
-15.11
-20.04
-20.43
-10.40
-22.70
-19.91
-12.18
-29.14
-16.08
-15.97
-12.51
-22.81
-17.47
-23.47
-10.14
-16.98
-26.29
-16.60
-13.91
-13.49
-15.06
-25.24
-11.79
-19.58
-23.49
-14.10
-22.65
-22.21
-20.88
-22.70
-18.56
-10.91
-20.73
-20.48
-10.03
-20.93
-24.99
-21.57
-21.10
-16.16
-18.40
-18.58
-23.50
-19.57
-20.88
-32.77
-20.59
-17.87
-13.32
-22.08
-16.86
-20.61
-21.65
-14.57
-4.39
-9.75
-21.36
-16.65
-19.14
-18.65
-17.91
-13.87
-17.50
-12.16
-20.35
-13.85
-12.91
-19.21
-15.31
-18.85
-25.30
-26.01
-18.92
-19.25
-20.16
-14.90
-16.93
-11.26
-22.89
-20.30
-19.85
-29.78
-14.05
-19.40
-17.91
-18.93
-12.07
-18.46
-8.21
-13.91
-18.83
-17.83
-24.14
-13.47
-16.92
-17.21
-13.56
-13.51
-19.13
-14.73
-19.88
-16.04
-23.71
-18.84
-22.57
-20.22
-17.04
-15.72
-14.40
-12.00
-18.53
-19.81
-13.04
-25.56
-10.21
-11.51
-19.56
-7.10
-16.03
-14.26
-12.30
-19.64
-14.09
-24.39
-21.57
-14.80
-10.49
-17.07
-14.96
-19.05
-16.98
-27.58
-23.78
-16.41
-16.41
-17.09
-31.47
-13.23
-14.69
-26.04
-26.65
-27.05
-17.56
-8.57
-22.41
-21.52
-22.47
-25.12
-6.99
-17.36
-13.75
-17.51
-12.05
-20.40
-18.40
-24.31
-17.56
-20.24
-25.44
-16.49
-16.50
-23.05
-22.92
-12.07
-15.60
-8.84
-15.81
-14.09
-21.81
-27.22
-18.65
-23.14
-15.74
-13.32
-8.22
-16.10
-11.19
-20.04
-24.51
-13.72
-27.61
-19.32
-14.05
-17.60
-16.78
-12.68
-21.01
-24.39
-11.36
-13.39
-20.40
-12.87
-14.39
-20.34
-15.42
-14.21
-23.67
-18.94
-22.53
-20.80
-25.77
-16.00
-19.74
-19.54
-13.93
-24.24
-25.52
-16.18
-18.03
-26.94
-16.34
-18.31
-23.53
-13.87
-17.74
-23.11
-23.67
-18.80
-20.84
-5.96
-21.03
-20.87
-19.13
-23.81
-18.53
-23.17
-15.14
-23.09
-15.14
-21.74
-9.08
-15.82
-16.76
-20.69
-17.89
-10.98
-16.40
-20.00
-10.51
-19.84
-22.74
-22.98
-17.91
-30.67
-16.10
-12.17
-13.37
-16.55
-16.45
-18.74
-11.65
-22.10
-14.81
-20.52
-28.01
-17.94
-17.03
-14.32
-17.46
-24.15
-20.86
-18.47
-16.55
-15.14
-13.18
-16.21
-18.13
-13.42
-23.79
-34.43
-18.65
-16.20
-20.57
-25.05
-20.77
-17.75
-22.68
-26.43
-23.36
-20.44
-11.60
-19.16
-15.44
-24.94
-29.49
-9.91
-12.01
-17.59
-21.93
-15.86
-14.57
-32.14
-9.61
-18.79
-28.63
-29.75
-16.92
-23.14
-12.60
-18.91
-13.86
-16.03
-11.58
-15.86
-25.06
-14.13
-21.97
-16.83
-19.43
-15.27
-8.03
-7.71
-15.32
-16.23
-17.60
-25.93
-22.42
-12.97
-22.55
-16.59
-19.13
-16.37
-18.27
-17.14
-14.23
-27.78
-12.26
-15.97
-18.61
-19.47
-22.71
-16.12
-15.68
-19.88
-25.72
-14.95
-8.60
-22.46
-18.69
-20.90
-12.61
-13.39
-16.42
-25.01
-18.46
-18.23
-19.89
-21.61
-19.67
-22.13
-20.02
-28.07
-31.20
-15.35
-22.95
-11.90
-10.37
-21.25
-17.61
-19.93
-18.75
-18.42
-12.24
-18.19
-21.93
-15.03
-20.95
-16.31
-21.15
-17.25
-12.97
-23.89
-15.36
-19.67
-17.24
-14.68
-18.61
-24.38
-24.72
-20.30
-17.59
-11.22
-30.87
-20.62
-23.58
-12.82
-21.07
-16.82
-22.57
-13.44
-22.10
-21.63
-26.16
-20.23
-12.67
-18.16
-26.36
-11.73
-19.15
-16.61
-26.58
-20.62
-14.60
-20.00
-26.64
-17.66
-19.28
-18.96
-18.84
-26.56
-25.77
-20.71
-32.55
-22.18
-18.72
-17.29
-17.01
-16.92
-14.61
-14.65
-8.08
-20.41
-17.03
-18.75
-19.98
-21.54
-21.10
-13.91
-25.58
-19.59
-10.17
-22.02
-7.67
-14.56
-10.89
-16.23
-10.26
-15.27
-26.45
-18.17
-18.71
-14.73
-18.13
-22.82
-12.18
-11.43
-28.43
-21.73
-14.19
-21.53
-17.93
-24.24
-17.91
-16.55
-20.78
-17.19
-17.07
-19.77
-12.41
-18.30
-12.95
-25.32
-16.66
-21.50
-18.48
-24.25
-11.57
-20.60
-20.56
-38.44
-19.10
-11.20
-18.66
-14.10
-20.49
-24.10
-11.60
-19.10
-17.38
-15.34
-18.94
-13.56
-19.28
-15.42
-15.64
-16.22
-14.66
-13.84
-23.52
-22.27
-8.39
-13.84
-25.67
-14.05
-11.68
-11.28
-12.78
-11.23
-23.03
-11.66
-13.54
-16.54
-13.57
-19.84
-22.51
-22.18
-13.03
-17.75
-23.99
-11.33
-10.15
-13.51
-24.89
-12.42
-16.95
-20.59
-16.32
-17.51
-16.02
-15.82
-18.61
-15.43
-19.92
-14.60
-9.16
-8.95
-18.01
-19.35
-21.04
-25.99
-20.32
-21.66
-13.26
-21.60
-16.62
-22.52
-21.54
-19.32
-18.71
-16.75
-16.96
-12.81
-17.53
-17.48
-15.74
-17.03
-16.27
-16.63
-23.89
-18.42
-21.03
-22.16
-20.12
-28.16
-13.18
-17.64
-14.08
-17.12
-14.60
-11.31
-18.92
-16.36
-32.82
-15.58
-19.43
-18.11
-8.61
-15.31
-19.35
-14.61
-13.05
-25.32
-21.01
-24.50
-18.68
-20.76
-23.04
-21.97
-20.54
-37.13
-16.87
-15.64
-16.06
-17.42
-13.94
-19.55
-10.78
-30.31
-22.58
-15.67
-18.15
-17.62
-15.71
-17.66
-18.64
-18.06
-22.67
-31.91
-14.26
-18.34
-16.11
-17.24
-22.10
-14.92
-22.01
-18.78
-14.57
-17.03
-9.81
-15.35
-15.94
-31.63
-18.00
-21.85
-16.01
-13.13
-15.92
-18.14
-17.76
-16.22
-18.46
-18.50
-20.62
-19.61
-23.85
-13.49
-26.03
-18.98
-18.17
-32.62
-18.67
-14.60
-16.18
-13.25
-14.09
-25.81
-15.52
-19.62
-14.60
-21.63
-14.35
-21.61
-13.80
-16.45
-12.39
-24.70
-25.89
-23.79
-20.51
-25.87
-20.24
-15.69
-21.03
-17.54
-16.53
-19.64
-27.32
-14.97
-22.83
-12.59
-16.23
-14.06
-17.80
-12.92
-24.61
-20.59
-14.40
-16.96
-11.14
-11.00
-21.96
-29.30
-19.43
-9.19
-15.69
-15.26
-13.30
-17.37
-14.21
-11.48
-21.01
-21.75
-12.42
-8.20
-17.76
-12.67
-18.07
-17.48
-20.30
-15.87
-14.09
-21.00
-13.09
-10.66
-22.43
-15.91
-25.89
-15.72
-12.63
-16.81
-14.86
-24.77
-18.02
-15.95
-15.77
-24.77
-21.72
-11.64
-17.37
-15.08
-9.29
-20.38
-22.86
-17.29
-14.85
-27.60
-11.44
-11.62
-16.59
-21.64
-10.42
-29.49
-18.87
-22.21
-23.54
-18.34
-14.77
-21.58
-17.52
-13.73
-13.52
-20.67
-21.58
-19.00
-25.84
-12.33
-19.94
-12.05
-14.87
-18.73
-8.96
-14.56
-26.88
-21.67
-18.93
-16.63
-15.42
-20.30
-18.74
-18.17
-11.14
-24.96
-21.79
-19.59
-16.87
-28.68
-16.50
-18.13
-14.96
-15.98
-20.74
-20.98
-18.70
-12.48
-19.42
-14.00
-10.11
-21.84
-16.92
-12.88
-9.05
-17.19
-19.98
-14.61
-25.56
-13.01
-20.51
-15.78
-20.90
-12.91
-13.17
-33.42
-14.62
-28.44
-25.88
-20.88
-16.21
-22.70
-23.52
-14.41
-14.32
-17.84
-19.56
-16.38
-30.02
-27.90
-20.39
-13.73
-27.09
-9.80
-23.48
-16.87
-17.73
-17.52
-14.45
-13.62
-21.89
-17.58
-16.72
-12.15
-17.57
-26.56
-16.30
-33.51
-27.97
-27.98
-12.83
-7.52
-21.00
-22.13
-19.26
-14.62
-12.92
-10.85
-14.34
-23.76
-14.38
-12.48
-22.55
-22.99
-19.40
-17.91
-17.03
-12.27
-26.71
-22.94
-21.59
-16.62
-15.31
-19.95
-10.79
-16.34
-15.81
-10.33
-11.91
-14.23
-17.09
-17.97
-18.91
-18.71
-14.07
-23.10
-24.28
-33.32
-20.49
-17.60
-8.14
-20.08
-16.31
-13.34
-25.23
-22.58
-25.35
-17.89
-16.33
-18.90
-17.40
-16.98
-19.59
-18.17
-20.06
-29.54
-20.72
-13.61
-22.07
-17.12
-20.16
-20.16
-9.95
-20.70
-17.45
-42.65
-14.62
-21.16
-13.44
-15.10
-12.98
-20.24
-19.69
-23.31
-21.46
-10.86
-21.06
-21.57
-8.62
-17.08
-19.25
-16.57
-12.62
-13.53
-29.44
-19.55
-21.22
-26.21
-20.39
-18.34
-16.53
-19.63
-20.06
-24.42
-19.30
-20.78
-16.45
-12.34
-21.60
-19.51
-25.84
-21.82
-25.36
-21.11
-18.83
-26.40
-16.65
-26.23
-21.63
-29.00
-23.29
-15.58
-20.40
-22.29
-23.04
-15.95
-22.45
-15.65
-14.11
-13.11
-23.38
-23.80
-13.62
-19.85
-15.91
-13.66
-20.67
-16.46
-14.06
-12.22
-17.27
-19.24
-15.89
-11.73
-22.10
-23.90
-15.88
-17.29
-15.10
-20.92
-13.29
-24.99
-18.68
-19.25
-23.53
-23.98
-21.20
-14.41
-13.90
-23.34
-16.88
-28.31
-22.40
-17.53
-21.28
-33.10
-14.90
-22.64
-18.56
-22.38
-22.83
-18.32
-17.78
-25.15
-12.77
-19.97
-16.74
-15.03
-14.32
-18.58
-10.57
-19.15
-19.55
-13.85
-17.61
-20.24
-21.52
-22.50
-30.08
-17.83
-18.00
-19.92
-25.05
-16.17
-22.55
-7.55
-11.53
-20.28
-25.39
-23.96
-18.09
-20.67
-20.04
-26.00
-18.03
-8.45
-14.67
-9.81
-21.76
-13.57
-15.81
-22.45
-19.39
-20.76
-25.85
-19.03
-28.76
-12.20
-18.16
-15.03
-16.08
-15.17
-18.93
-22.57
-18.52
-15.30
-26.07
-30.53
-29.87
-20.14
-18.78
-20.98
-22.58
-24.27
-16.55
-18.97
-15.74
-13.61
-14.03
-23.72
-23.90
-24.27
-28.46
-13.26
-15.30
-17.82
-18.64
-8.78
-12.40
-26.94
-20.37
-16.34
-12.52
-8.01
-21.66
-18.39
-17.17
-17.21
-14.18
-26.38
-17.44
-21.89
-12.92
-24.69
-22.86
-30.15
-15.16
-22.70
-25.59
-14.40
-20.85
-15.63
-11.85
-17.92
-19.32
-16.74
-20.15
-21.20
-18.99
-17.68
-12.53
-29.07
-22.55
-16.03
-22.88
-13.53
-24.56
-13.02
-16.55
-28.20
-18.37
-14.07
-18.83
-15.90
-24.99
-13.31
-19.15
-19.72
-18.21
-9.96
-13.05
-22.27
-16.88
-16.71
-22.41
-16.89
-15.00
-10.09
-23.93
-10.98
-16.66
-20.44
-23.56
-13.12
-18.57
-14.93
-15.55
-22.92
-14.43
-16.10
-23.96
-20.46
-17.08
-21.34
-12.32
-25.05
-22.01
-21.38
-30.78
-19.44
-20.46
-11.72
-30.93
-17.38
-10.61
-16.19
-25.73
-25.49
-9.53
-21.79
-25.65
-8.48
-17.57
-16.58
-20.56
-17.63
-21.32
-18.79
-16.80
-18.35
-16.97
-19.56
-20.53
-13.74
-16.91
-29.96
-13.81
-21.81
-19.31
-17.91
-21.80
-20.16
-17.48
-24.79
-18.83
-15.72
-21.24
-19.12
-23.34
-23.08
-20.39
-16.36
-29.42
-27.72
-17.50
-11.30
-14.17
-16.62
-17.24
-15.44
-21.28
-19.88
-16.70
-22.00
-20.91
-25.41
-20.63
-11.00
-16.17
-21.75
-12.79
-15.36
-11.65
-18.27
-12.70
-28.24
-21.78
-12.25
-20.06
-11.93
-15.03
-16.13
-17.56
-22.37
-11.75
-10.64
-17.58
-16.99
-16.42
-13.81
-18.26
-10.92
-24.07
-7.52
-20.09
-18.23
-30.47
-18.48
-14.84
-15.89
-21.51
-14.15
-24.40
-17.72
-17.47
-11.92
-18.53
-23.08
-29.52
-20.62
-16.21
-16.89
-23.90
-15.05
-21.24
-14.86
-19.28
-31.97
-16.68
-17.65
-19.06
-24.99
-22.84
-19.49
-21.37
-21.94
-17.48
-17.96
-18.86
-20.16
-24.14
-22.90
-12.83
-22.44
-24.41
-22.33
-17.45
-13.59
-17.04
-15.93
-21.81
-24.65
-18.41
-20.95
-29.01
-19.89
-23.46
-16.95
-24.10
-17.58
-13.17
-19.97
-19.65
-24.66
-29.90
-17.85
-17.01
-21.52
