-19.15
-16.10
-26.15
-23.36
-17.93
-27.36
-16.58
-11.45
-18.12
-15.80
-19.66
-18.99
-14.67
-22.36
-20.82
-23.50
-17.01
-17.31
-19.85
-15.48
-18.00
-23.58
-20.82
-10.04
-23.85
-33.15
-23.80
-16.02
-15.34
-20.75
-20.12
-12.82
-15.91
-25.03
-14.93
-17.34
-23.10
-18.72
-12.71
-21.22
-23.60
-17.89
-15.70
-9.67
-15.25
-23.72
-19.56
-25.58
-24.39
-26.06
-27.24
-19.92
-22.64
-18.67
-18.95
-16.25
-31.56
-17.75
-16.12
-25.58
-8.50
-24.77
-19.30
-18.45
-15.04
-24.34
-16.11
-13.49
-15.16
-15.91
-22.32
-22.00
-18.95
-24.71
-21.69
-17.30
-19.66
-12.80
-20.49
-18.68
-19.39
-18.37
-12.86
-15.83
-26.40
-13.81
-30.85
-20.80
-11.85
-23.79
-19.42
-16.84
-20.31
-24.88
-15.16
-14.40
-17.82
-20.69
-16.91
-25.35
-24.24
-9.35
-10.75
-22.72
-13.43
-20.10
-21.58
-21.71
-19.23
-36.24
-26.28
-25.83
-15.67
-22.18
-18.49
-13.83
-14.39
-20.36
-24.57
-21.11
-15.52
-29.59
-13.18
-10.84
-18.25
-16.08
-27.51
-21.19
-13.98
-14.11
-19.41
-24.01
-17.73
-30.11
-15.46
-25.42
-24.14
-9.01
-22.10
-20.06
-17.10
-23.25
-22.70
-22.76
-20.30
-29.33
-24.41
-13.17
-27.33
-16.49
-16.92
-15.28
-12.30
-23.22
-20.50
-16.42
-25.98
-19.49
-21.23
-21.59
-25.35
-27.27
-8.49
-20.94
-20.70
-12.89
-19.29
-21.33
-23.43
-15.49
-25.11
-20.62
-14.21
-12.01
-15.11
-19.72
-27.76
-18.85
-15.11
-20.04
-20.43
-22.70
-19.91
-12.18
-29.14
-16.08
-12.51
-22.81
-17.47
-23.47
-16.98
-26.29
-13.91
-13.49
-15.06
-25.24
-11.79
-19.58
-22.65
-22.21
-20.88
-22.70
-18.56
-20.73
-20.93
-21.10
-18.40
-18.58
-23.50
-20.88
-20.59
-22.08
-20.61
-21.65
-9.75
-21.36
-19.14
-18.65
-17.91
-13.87
-17.50
-12.16
-20.35
-13.85
-12.91
-19.21
-15.31
-18.85
-25.30
-26.01
-18.92
-20.16
-16.93
-22.89
-19.85
-29.78
-17.91
-18.93
-12.07
-18.46
-18.83
-17.83
-13.47
-16.92
-17.21
-13.56
-19.13
-14.73
-16.04
-23.71
-18.84
-20.22
-17.04
-12.00
-19.56
-16.03
-14.26
-12.30
-19.64
-14.09
-24.39
-21.57
-14.80
-14.96
-19.05
-16.98
-27.58
-23.78
-16.41
-17.09
-31.47
-14.69
-26.04
-26.65
-27.05
-22.41
-21.52
-22.47
-25.12
-17.36
-13.75
-17.51
-20.40
-18.40
-24.31
-17.56
-20.24
-25.44
-16.49
-16.50
-22.92
-15.60
-8.84
-15.81
-14.09
-21.81
-27.22
-18.65
-13.32
-16.10
-20.04
-24.51
-13.72
-27.61
-16.78
-21.01
-24.39
-11.36
-13.39
-14.39
-20.34
-15.42
-14.21
-23.67
-18.94
-22.53
-20.80
-25.77
-16.00
-19.74
-19.54
-13.93
-24.24
-25.52
-18.03
-26.94
-16.34
-23.53
-13.87
-17.74
-23.11
-23.67
-18.80
-20.84
-5.96
-20.87
-19.13
-18.53
-23.09
-15.14
-21.74
-15.82
-16.76
-20.69
-10.98
-16.40
-20.00
-19.84
-22.74
-22.98
-30.67
-16.10
-12.17
-13.37
-16.55
-16.45
-18.74
-11.65
-22.10
-14.81
-20.52
-28.01
-17.94
-14.32
-17.46
-18.47
-23.79
-34.43
-20.57
-25.05
-20.77
-17.75
-23.36
-20.44
-19.16
-15.44
-24.94
-29.49
-17.59
-21.93
-15.86
-14.57
-32.14
-28.63
-29.75
-23.14
-12.60
-18.91
-13.86
-16.03
-11.58
-15.86
-25.06
-14.13
-19.43
-7.71
-15.32
-16.23
-17.60
-22.55
-16.59
-19.13
-18.27
-14.23
-27.78
-12.26
-15.97
-18.61
-15.68
-25.72
-18.69
-20.90
-13.39
-25.01
-18.23
-19.89
-19.67
-22.13
-15.35
-22.95
-11.90
-10.37
-18.42
-18.19
-21.93
-15.03
-20.95
-16.31
-21.15
-17.25
-12.97
-23.89
-15.36
-19.67
-14.68
-24.72
-20.30
-17.59
-30.87
-20.62
-23.58
-12.82
-21.07
-16.82
-22.57
-13.44
-22.10
-21.63
-26.16
-18.16
-26.36
-11.73
-19.15
-16.61
-26.58
-20.62
-20.00
-26.64
-19.28
-18.96
-18.84
-26.56
-25.77
-20.71
-22.18
-18.72
-17.29
-16.92
-20.41
-17.03
-18.75
-19.98
-21.10
-13.91
-25.58
-22.02
-7.67
-14.56
-16.23
-15.27
-26.45
-18.17
-22.82
-12.18
-28.43
-21.73
-14.19
-21.53
-24.24
-17.91
-16.55
-17.19
-17.07
-19.77
-12.41
-18.30
-12.95
-25.32
-16.66
-21.50
-24.25
-20.60
-20.56
-38.44
-19.10
-18.66
-14.10
-24.10
-19.10
-17.38
-15.34
-18.94
-13.56
-15.64
-14.66
-13.84
-23.52
-13.84
-25.67
-14.05
-11.68
-11.23
-16.54
-19.84
-22.51
-22.18
-13.03
-23.99
-11.33
-10.15
-13.51
-24.89
-12.42
-16.95
-20.59
-16.32
-17.51
-16.02
-15.82
-18.61
-14.60
-19.35
-21.04
-20.32
-21.66
-21.60
-22.52
-19.32
-18.71
-16.75
-16.96
-12.81
-15.74
-17.03
-16.27
-16.63
-23.89
-18.42
-21.03
-22.16
-20.12
-28.16
-13.18
-17.12
-14.60
-18.92
-32.82
-15.58
-19.43
-18.11
-15.31
-19.35
-14.61
-13.05
-24.50
-18.68
-20.76
-23.04
-21.97
-37.13
-17.42
-13.94
-19.55
-10.78
-30.31
-22.58
-15.67
-18.15
-17.62
-15.71
-17.66
-18.64
-22.67
-31.91
-18.34
-16.11
-22.10
-18.78
-14.57
-9.81
-15.35
-18.00
-15.92
-18.14
-17.76
-16.22
-18.50
-20.62
-19.61
-23.85
-26.03
-18.98
-18.17
-32.62
-18.67
-16.18
-25.81
-19.62
-14.60
-21.63
-14.35
-21.61
-12.39
-24.70
-25.89
-23.79
-20.51
-25.87
-20.24
-15.69
-21.03
-17.54
-16.53
-19.64
-27.32
-14.97
-12.59
-16.23
-14.06
-12.92
-24.61
-20.59
-14.40
-16.96
-11.14
-11.00
-29.30
-9.19
-15.69
-21.01
-21.75
-8.20
-17.76
-12.67
-20.30
-21.00
-13.09
-10.66
-22.43
-25.89
-15.72
-16.81
-14.86
-24.77
-15.95
-15.77
-24.77
-21.72
-11.64
-17.37
-15.08
-9.29
-20.38
-22.86
-17.29
-27.60
-11.44
-11.62
-21.64
-10.42
-29.49
-18.87
-22.21
-23.54
-18.34
-14.77
-21.58
-13.73
-13.52
-20.67
-21.58
-25.84
-12.33
-19.94
-12.05
-14.87
-18.73
-26.88
-15.42
-20.30
-18.74
-11.14
-21.79
-16.87
-16.50
-18.13
-14.96
-15.98
-20.74
-20.98
-19.42
-21.84
-12.88
-17.19
-14.61
-25.56
-15.78
-20.90
-12.91
-13.17
-33.42
-14.62
-28.44
-25.88
-20.88
-23.52
-14.41
-17.84
-19.56
-16.38
-30.02
-27.90
-20.39
-27.09
-23.48
-16.87
-17.73
-17.52
-14.45
-21.89
-16.72
-12.15
-26.56
-33.51
-27.97
-27.98
-12.83
-7.52
-21.00
-22.13
-14.62
-10.85
-23.76
-14.38
-12.48
-22.55
-22.99
-17.03
-12.27
-26.71
-22.94
-21.59
-19.95
-10.79
-10.33
-18.91
-18.71
-14.07
-23.10
-24.28
-17.60
-8.14
-20.08
-16.31
-22.58
-25.35
-16.33
-19.59
-18.17
-29.54
-20.72
-22.07
-17.12
-20.16
-20.16
-17.45
-42.65
-14.62
-21.16
-13.44
-15.10
-20.24
-19.69
-23.31
-21.46
-10.86
-21.57
-17.08
-19.25
-16.57
-29.44
-19.55
-18.34
-16.53
-19.63
-20.06
-24.42
-20.78
-16.45
-12.34
-21.60
-19.51
-25.84
-25.36
-18.83
-26.40
-16.65
-26.23
-29.00
-23.29
-22.29
-23.04
-15.95
-22.45
-15.65
-13.11
-23.38
-23.80
-13.62
-15.91
-13.66
-16.46
-12.22
-17.27
-11.73
-22.10
-23.90
-17.29
-15.10
-20.92
-13.29
-24.99
-19.25
-23.98
-14.41
-13.90
-23.34
-16.88
-28.31
-22.40
-17.53
-21.28
-33.10
-14.90
-22.64
-18.56
-22.38
-22.83
-18.32
-25.15
-19.97
-16.74
-18.58
-10.57
-19.15
-19.55
-13.85
-17.61
-20.24
-21.52
-22.50
-30.08
-17.83
-18.00
-19.92
-25.05
-22.55
-20.28
-25.39
-23.96
-18.09
-26.00
-18.03
-8.45
-14.67
-9.81
-21.76
-13.57
-22.45
-19.39
-20.76
-25.85
-28.76
-12.20
-18.16
-15.03
-15.17
-18.93
-22.57
-18.52
-15.30
-26.07
-30.53
-29.87
-20.14
-18.78
-20.98
-22.58
-24.27
-16.55
-18.97
-14.03
-23.72
-23.90
-24.27
-28.46
-17.82
-18.64
-12.40
-26.94
-20.37
-16.34
-12.52
-21.66
-17.21
-14.18
-26.38
-24.69
-22.86
-30.15
-22.70
-25.59
-14.40
-20.85
-19.32
-16.74
-20.15
-21.20
-18.99
-17.68
-12.53
-29.07
-22.55
-16.03
-22.88
-24.56
-13.02
-16.55
-28.20
-18.37
-24.99
-13.31
-19.15
-18.21
-22.27
-16.88
-16.71
-22.41
-16.89
-15.00
-10.09
-16.66
-20.44
-23.56
-18.57
-15.55
-22.92
-20.46
-21.34
-25.05
-22.01
-21.38
-30.78
-19.44
-30.93
-17.38
-10.61
-25.73
-25.49
-9.53
-21.79
-25.65
-17.57
-16.58
-20.56
-17.63
-21.32
-18.35
-19.56
-20.53
-13.74
-16.91
-29.96
-13.81
-21.81
-19.31
-21.80
-17.48
-24.79
-15.72
-21.24
-19.12
-23.08
-16.36
-29.42
-27.72
-17.50
-11.30
-16.62
-17.24
-15.44
-19.88
-16.70
-20.91
-25.41
-20.63
-11.00
-21.75
-12.79
-15.36
-18.27
-28.24
-12.25
-15.03
-17.56
-22.37
-10.64
-17.58
-16.42
-13.81
-18.26
-24.07
-20.09
-18.23
-18.48
-14.84
-15.89
-21.51
-24.40
-17.72
-17.47
-18.53
-23.08
-29.52
-20.62
-16.21
-16.89
-23.90
-15.05
-21.24
-14.86
-19.28
-31.97
-17.65
-19.06
-24.99
-22.84
-19.49
-21.37
-17.96
-18.86
-22.90
-22.44
-24.41
-22.33
-13.59
-15.93
-21.81
-24.65
-18.41
-29.01
-19.89
-23.46
-16.95
-17.58
-19.97
-29.90
-21.52
