-17.35
-16.48
-22.38
-18.27
-18.00
-9.65
-15.79
-14.65
-17.23
-21.41
-29.57
-15.07
-23.11
-12.23
-17.35
-14.58
-21.23
-22.51
-21.00
-31.85
-20.35
-25.45
-18.08
-14.82
-22.03
-23.68
-17.58
-22.05
-15.35
-20.87
-16.99
-15.83
-12.70
-14.17
-14.32
-20.77
-16.08
-11.91
-17.83
-14.14
-23.74
-27.07
-15.66
-12.11
-16.91
-25.98
-20.87
-17.35
-17.00
-18.48
-20.23
-14.14
-28.30
-10.25
-20.12
-17.96
-16.29
-19.81
-16.88
-22.64
-14.75
-16.86
-17.93
-14.15
-19.92
-12.18
-29.07
-18.69
-12.88
-19.71
-12.14
-19.05
-27.24
-27.91
-25.49
-21.08
-27.63
-13.65
-18.02
-30.36
-13.47
-22.61
-18.90
-22.12
-19.15
-20.84
-14.50
-20.94
-16.82
-20.28
-11.04
-12.70
-25.74
-24.73
-19.29
-21.25
-20.76
-15.45
-11.01
-29.41
-22.49
-16.04
-18.35
-19.38
-22.06
-18.64
-17.62
-13.31
-18.84
-19.64
-20.74
-13.60
-24.39
-15.81
-14.02
-17.57
-24.83
-20.37
-22.94
-21.58
-25.14
-23.59
-14.60
-21.49
-18.49
-18.74
-16.68
-18.64
-21.28
-21.18
-13.81
-16.95
-23.55
-17.75
-12.56
-18.79
-13.97
-19.16
-21.48
-13.22
-14.98
-18.66
-16.69
-18.18
-23.90
-15.35
-19.87
-23.55
-25.52
-16.30
-9.73
-14.09
-15.65
-18.29
-16.34
-25.52
-24.02
-19.27
-21.94
-10.70
-26.29
-22.05
-29.42
-12.31
-12.33
-20.21
-17.80
-26.45
-16.57
-16.05
-13.39
-21.31
-24.16
-25.23
-16.79
-24.30
-17.51
-17.13
-13.05
-16.40
-21.96
-19.12
-12.85
-12.55
-20.93
-18.33
-22.86
-25.25
-22.46
-13.98
-23.42
-17.63
-28.28
-19.78
-23.64
-17.69
-21.24
-18.12
-16.91
-20.31
-20.97
-26.83
-24.43
-19.51
-25.50
-18.71
-22.18
-16.08
-19.63
-17.26
-12.81
-14.05
-19.67
-17.33
-18.65
-23.32
-18.70
-21.11
-24.31
-19.88
-19.94
-14.69
-15.29
-18.51
-19.77
-11.23
-17.10
-15.11
-22.50
-15.54
-17.76
-16.46
-25.15
-15.52
-22.16
-22.08
-9.32
-22.98
-16.88
-12.48
-27.52
-21.33
-16.64
-14.52
-27.16
-22.09
-11.91
-14.48
-13.09
-19.94
-14.47
-28.04
-21.21
-20.78
-19.58
-17.63
-23.90
-20.48
-15.24
-17.62
-25.74
-14.84
-14.19
-9.96
-16.40
-21.55
-19.43
-20.59
-11.12
-16.33
-13.22
-18.45
-19.00
-13.81
-17.27
-34.54
-23.02
-12.24
-11.81
-24.50
-25.06
-13.72
-28.48
-24.92
-25.27
-14.42
-16.67
-19.69
-28.07
-15.47
-22.01
-19.03
-21.09
-12.00
-24.97
-15.91
-20.99
-18.54
-25.20
-16.34
-27.36
-21.54
-14.21
-18.52
-15.94
-15.12
-21.96
-18.57
-25.31
-27.18
-15.04
-16.11
-10.01
-16.01
-29.45
-4.51
-16.43
-11.86
-10.50
-16.61
-16.35
-19.41
-15.00
-15.15
-10.92
-16.11
-13.99
-16.36
-21.64
-11.98
-17.43
-19.19
-16.45
-18.43
-16.06
-9.86
-16.22
-20.86
-13.11
-21.32
-15.13
-16.90
-10.54
-15.34
-19.82
-23.87
-16.00
-17.23
-17.17
-8.09
-14.99
-10.19
-14.71
-22.20
-13.68
-20.32
-21.84
-16.25
-15.22
-19.74
-19.40
-23.20
-25.48
-10.88
-15.03
-18.81
-23.13
-16.99
-18.40
-16.24
-20.70
-20.62
-15.23
-24.38
-22.63
-21.61
-29.56
-20.64
-17.17
-26.67
-19.34
-17.46
-13.65
-15.39
-19.95
-24.45
-22.41
-22.87
-22.73
-12.92
-20.24
-21.12
-25.18
-17.52
-17.07
-13.67
-13.75
-19.78
-20.25
-13.95
-18.37
-15.54
-17.02
-16.58
-22.44
-21.71
-20.30
-14.69
-27.52
-20.71
-27.85
-15.24
-19.94
-14.45
-17.88
-9.42
-21.97
-27.55
-20.12
-19.69
-18.08
-14.43
-17.22
-18.14
-14.62
-20.48
-24.96
-14.39
-22.39
-13.63
-18.96
-18.78
-14.60
-22.49
-13.53
-21.24
-26.69
-10.31
-17.53
-17.05
-19.75
-24.39
-19.19
-25.72
-18.02
-15.66
-19.44
-16.10
-17.99
-26.15
-20.95
-20.30
-19.17
-11.90
-24.25
-14.82
-12.77
-22.35
-25.47
-14.50
-17.52
-18.50
-12.99
-30.65
-15.26
-16.52
-23.25
-20.52
-18.43
-15.06
-19.17
-12.95
-19.79
-15.29
-17.91
-14.65
-19.08
-25.79
-20.24
-27.31
-18.58
-17.27
-16.89
-24.99
-18.94
-21.37
-9.77
-14.37
-22.95
-10.54
-18.72
-16.70
-18.89
-21.47
-22.04
-13.44
-15.52
-23.86
-21.40
-24.62
-16.83
-14.10
-12.73
-20.85
-20.37
-17.81
-19.89
-20.50
-16.04
-17.92
-21.36
-16.66
-24.80
-15.09
-18.36
-24.28
-19.60
-21.63
-15.05
-15.08
-18.62
-21.54
-22.39
-22.93
-19.50
-22.19
-28.17
-22.61
-17.19
-19.11
-12.31
-18.94
-26.52
-18.22
-18.29
-18.31
-20.32
-18.56
-13.05
-17.61
-18.71
-25.67
-13.51
-10.98
-14.31
-15.27
-16.99
-34.30
-19.28
-23.48
-18.67
-20.63
-20.79
-16.49
-19.34
-21.69
-19.43
-13.07
-32.98
-12.12
-15.43
-20.87
-21.13
-23.47
-19.76
-19.13
-18.35
-17.50
-22.78
-23.02
-18.93
-16.38
-15.39
-13.96
-17.46
-20.67
-28.97
-17.65
-14.99
-18.98
-19.13
-19.48
-32.84
-23.64
-13.42
-11.87
-16.03
-14.22
-17.16
-12.13
-27.19
-13.22
-21.13
-15.12
-12.74
-15.32
-20.96
-15.26
-16.05
-21.86
-15.33
-17.27
-21.42
-13.42
-10.86
-17.13
-19.73
-19.75
-16.53
-21.23
-21.09
-22.34
-22.32
-17.20
-22.78
-16.44
-14.48
-16.31
-20.71
-11.70
-20.90
-12.71
-13.60
-13.87
-14.16
-15.82
-24.31
-15.30
-17.55
-15.34
-29.63
-21.41
-17.30
-19.20
-23.19
-17.69
-17.66
-16.41
-22.35
-13.62
-22.06
-15.89
-11.74
-18.48
-13.30
-19.69
-21.84
-23.11
-20.90
-15.94
-15.10
-28.92
-20.61
-17.11
-17.26
-21.87
-22.48
-15.73
-15.70
-15.37
-22.66
-20.47
-16.59
-18.79
-23.15
-18.88
-27.53
-20.45
-16.75
-23.35
-19.72
-8.69
-24.01
-16.06
-30.67
-25.60
-16.14
-14.72
-14.90
-26.36
-14.29
-10.78
-23.30
-14.39
-26.13
-16.29
-18.77
-14.88
-26.28
-25.94
-16.55
-33.22
-17.84
-16.59
-21.02
-24.15
-23.02
-23.12
-23.04
-28.22
-19.83
-33.27
-11.31
-18.46
-10.73
-23.42
-25.28
-24.15
-15.81
-22.58
-20.23
-21.47
-16.93
-24.84
-26.85
-19.57
-13.25
-29.89
-19.54
-13.64
-16.60
-16.81
-14.55
-19.48
-20.37
-20.54
-27.71
-18.83
-22.72
-18.98
-16.43
-19.25
-21.47
-16.83
-9.32
-17.42
-27.83
-28.46
-21.38
-13.20
-27.53
-11.14
-16.16
-22.71
-13.16
-17.35
-15.66
-15.10
-13.00
-14.06
-19.36
-25.20
-27.41
-15.59
-8.57
-18.37
-18.61
-13.52
-13.37
-20.42
-20.41
-26.58
-15.68
-20.53
-22.82
-12.94
-24.22
-21.15
-16.41
-14.46
-14.70
-17.65
-20.89
-22.33
-20.03
-31.44
-31.20
-12.26
-27.43
-11.47
-15.43
-19.41
-17.63
-13.76
-25.57
-19.70
-17.61
-26.69
-15.03
-12.75
-21.96
-19.70
-13.53
-13.39
-15.43
-28.08
-22.82
-24.53
-10.18
-23.01
-16.60
-32.71
-21.72
-23.80
-31.19
-26.60
-23.68
-24.32
-21.21
-20.46
-17.61
-14.09
-12.06
-21.71
-23.87
-11.02
-12.42
-6.36
-7.79
-19.31
-22.34
-11.10
-17.17
-19.71
-23.60
-11.61
-11.68
-15.95
-14.30
-8.29
-20.54
-21.00
-27.81
-14.83
-18.75
-30.30
-12.98
-18.99
-18.17
-18.34
-15.87
-21.36
-17.64
-20.04
-37.16
-15.46
-19.21
-25.85
-18.60
-24.44
-23.63
-20.98
-21.29
-7.70
-24.35
-25.25
-23.37
-23.13
-20.60
-22.87
-15.92
-12.07
-26.83
-9.19
-17.24
-16.76
-13.19
-16.09
-11.78
-17.20
-12.38
-17.96
-13.10
-16.55
-16.79
-12.43
-7.23
-21.39
-13.88
-12.94
-13.43
-19.33
-16.12
-18.24
-14.83
-15.07
-11.38
-19.65
-16.94
-12.41
-21.65
-14.80
-18.68
-16.49
-17.32
-20.15
-15.55
-16.80
-10.75
-13.12
-25.30
-12.50
-14.32
-15.74
-8.72
-20.17
-21.64
-12.33
-18.36
-11.40
-19.68
-24.38
-20.30
-17.84
-12.04
-17.39
-19.81
-19.67
-24.27
-17.05
-13.13
-13.58
-21.86
-14.70
-18.22
-21.66
-6.23
-18.97
-13.89
-14.14
-18.65
-21.96
-11.16
-20.92
-19.39
-18.00
-19.13
-14.69
-22.53
-15.94
-17.35
-20.28
-23.56
-14.35
-27.18
-15.29
-17.20
-18.50
-21.53
-25.29
-18.44
-15.70
-21.73
-20.92
-18.29
-12.88
-12.74
-11.96
-32.29
-19.78
-13.49
-20.87
-24.61
-17.61
-15.71
-21.35
-21.23
-18.85
-23.39
-19.53
-11.62
-15.81
-15.70
-13.96
-5.53
-8.72
-12.29
-22.44
-18.12
-14.68
-18.97
-23.31
-17.46
-18.40
-12.22
-16.95
-13.30
-21.50
-23.22
-23.27
-18.43
-25.28
-19.05
-25.72
-20.20
-20.67
-17.49
-26.21
-12.85
-20.37
-29.96
-19.54
-18.00
-25.31
-11.57
-17.69
-20.02
-19.30
-17.82
-20.72
-20.85
-18.78
-24.21
-15.60
-16.89
-7.60
-18.01
-12.13
-10.44
-18.52
-25.99
-18.16
-16.76
-14.30
-19.84
-22.10
-13.03
-22.38
-13.01
-19.07
-16.58
-18.81
-15.57
-22.28
-26.95
-11.04
-18.94
-18.59
-19.05
-19.84
-18.51
-27.10
-26.55
-29.76
-22.19
-17.13
-15.89
-17.27
-21.76
-16.11
-15.62
-14.83
-13.16
-13.73
-16.99
-13.27
-23.99
-21.00
-10.31
-16.63
-16.55
-16.52
-5.86
-6.47
-15.22
-19.07
-18.22
-14.13
-20.95
-17.14
-18.26
-14.36
-19.76
-28.51
-18.34
-11.36
-18.14
-17.43
-19.47
-27.70
-14.63
-19.04
-10.48
-23.72
-13.70
-15.83
-11.53
-21.02
-13.99
-12.00
-12.47
-16.49
-19.11
-10.73
-12.16
-19.83
-13.27
-15.83
-19.14
-21.15
-11.56
-28.86
-18.29
-27.56
-22.37
-24.34
-20.16
-13.58
-17.79
-20.57
-18.02
-17.13
-12.45
-17.66
-17.13
-14.27
-30.27
-15.74
-16.65
-9.91
-15.88
-17.55
-15.50
-20.38
-20.59
-18.56
-16.01
-21.66
-12.84
-21.11
-18.29
-14.46
-22.88
-25.05
-30.10
-18.42
-23.83
-26.95
-15.76
-18.63
-15.93
-18.40
-22.04
-12.72
-22.11
-20.75
-25.46
-21.42
-17.33
-27.72
-12.17
-8.15
-16.29
-19.94
-20.55
-17.44
-27.81
-15.90
-18.74
-18.38
-9.84
-16.04
-14.42
-11.83
-16.87
-17.77
-16.28
-14.43
-16.07
-14.69
-15.57
-24.73
-17.51
-19.95
-6.50
-29.35
-13.59
-13.86
-10.58
-17.48
-35.98
-18.67
-19.37
-10.39
-24.55
-15.37
-26.56
-17.81
-12.68
-19.90
-20.82
-19.24
-25.11
-17.01
-21.02
-22.07
-17.44
-14.89
-15.41
-21.37
-20.82
-18.43
-15.87
-22.92
-22.51
-26.96
-16.51
-18.87
-18.78
-20.42
-21.75
-23.70
-20.43
-22.28
-24.76
-17.20
-34.66
-12.57
-18.73
-11.80
-17.96
-25.24
-15.54
-11.02
-16.11
-9.20
-20.48
-21.58
-16.89
-10.45
-18.25
-24.79
-14.47
-18.96
-10.76
-30.18
-12.71
-23.90
-33.67
-16.47
-21.67
-10.09
-17.55
-11.57
-13.84
-27.05
-19.72
-22.08
-14.51
-10.38
-15.54
-14.95
-14.36
-16.25
-14.89
-11.51
-19.20
-24.62
-16.14
-17.38
-24.09
-32.23
-17.92
-23.44
-22.85
-8.07
-14.75
-24.65
-25.23
-15.84
-25.44
-22.47
-13.59
-13.33
-19.43
-16.59
-16.46
-8.57
-10.25
-17.65
-19.50
-21.32
-20.40
-22.81
-18.06
-18.73
-16.78
-30.14
-13.27
-27.22
-16.83
-22.53
-29.60
-18.82
-9.20
-19.71
-13.83
-14.87
-15.00
-12.83
-20.06
-14.45
-15.80
-18.53
-22.85
-16.48
-32.96
-11.57
-16.07
-12.66
-15.89
-14.62
-14.06
-11.49
-12.74
-16.18
-17.59
-13.70
-18.31
-18.62
-18.49
-11.74
-22.05
-23.17
-14.30
-16.88
-19.06
-15.23
-18.15
-16.72
-18.17
-21.92
-16.75
-19.18
-22.64
-17.73
-14.78
-13.64
-16.97
-21.71
-18.34
-15.38
-18.75
-20.73
-18.48
-17.51
-10.75
-27.88
-13.79
-17.76
-21.41
-13.00
-16.86
-15.65
-15.59
-23.39
-13.06
-19.88
-16.70
-16.72
-27.95
-8.68
-15.91
-23.41
-27.27
-11.45
-6.41
-19.50
-21.13
-20.39
-19.68
-18.75
-16.57
-14.29
-27.71
-23.08
-17.57
-26.81
-27.13
-7.64
-12.51
-23.68
-18.46
-22.90
-15.93
-13.58
-21.95
-29.52
-16.80
-21.88
-23.53
-14.50
-17.95
-24.99
-17.57
-16.76
-16.78
-16.13
-22.40
-15.81
-16.40
-19.27
-7.90
-7.96
-20.55
-25.68
-20.04
-18.31
-26.07
-21.88
-29.06
-33.88
-15.96
-14.90
-21.18
-22.83
-17.84
-7.74
-27.93
-11.85
-7.22
-20.36
-16.21
-16.56
-5.13
-21.97
-17.30
-25.85
-16.18
-20.34
-26.23
-11.75
-16.83
-21.48
-23.53
-15.19
-18.41
-20.42
-14.78
-10.03
-12.07
-14.38
-13.44
-11.41
-30.06
-17.98
-8.82
-9.99
-22.60
-15.08
-10.57
-16.66
-24.60
-17.90
-10.11
-14.74
-18.63
-14.59
-19.77
-23.33
-13.43
-9.43
-17.33
-17.63
-24.53
-18.47
-18.87
-25.93
-22.77
-22.90
-16.93
-13.33
-21.35
-11.38
-13.65
-20.84
-17.08
-9.06
-10.11
-10.40
-15.58
-18.87
-13.89
-12.37
-17.36
-17.60
-17.28
-24.73
-29.49
-23.50
-24.44
-14.26
-21.63
-13.86
-26.71
-27.89
-9.33
-26.77
-11.35
-20.43
-12.48
-14.26
-13.24
-16.74
-16.44
-23.75
-19.14
-18.41
-21.03
-21.98
-28.57
-21.07
-16.26
-16.93
-15.15
-26.61
-11.75
-20.19
-9.43
-26.08
-17.90
-14.36
-16.77
-17.14
-14.30
-18.52
-16.86
-15.83
-21.11
-18.15
-18.70
-17.81
-22.88
-23.45
-29.80
-14.61
-16.32
-25.38
-14.84
-11.29
-20.26
-19.29
-17.89
-9.43
-9.08
-17.38
-20.70
-13.71
-20.99
-16.29
-26.20
-19.73
-13.16
-29.45
-22.39
-16.84
-22.58
-21.64
-15.65
-14.00
-10.63
-24.16
-22.28
-11.04
-13.90
-20.58
-16.47
-14.99
-11.69
-13.67
-18.16
-22.42
-28.75
-10.91
-19.44
-14.89
-17.44
-20.07
-16.20
-22.14
-13.91
-12.79
-13.39
-13.63
-16.86
-20.38
-15.88
-20.12
-14.52
-19.81
-14.64
-24.32
-16.38
-23.73
-16.23
-11.83
-12.45
-20.09
-22.28
-14.18
-28.11
-16.64
-15.47
-25.07
-14.62
-8.05
-20.37
-21.96
-13.92
-28.84
-12.17
-20.09
-24.14
-19.75
-16.90
-21.39
-15.82
-20.21
-16.89
-18.95
-17.05
-29.45
-18.03
-19.43
-18.13
-16.75
-19.60
-12.22
-16.83
-22.90
-12.59
-18.91
-14.59
-24.00
-16.02
-15.69
-22.29
-15.18
-24.79
-14.77
-22.44
-25.61
-16.05
-13.12
-20.64
-19.36
-12.27
-11.67
-19.88
-16.51
-16.47
-20.40
-13.36
-16.98
-11.97
-10.35
-18.78
-18.97
-18.44
-25.34
-28.22
-16.84
-14.00
-17.24
-17.44
-20.81
-14.21
-11.08
-12.67
-22.08
-25.02
-12.57
-15.35
-16.14
-26.06
-9.46
-11.31
-17.87
-8.17
-18.69
-21.86
-20.93
-17.60
-21.27
-25.41
-19.02
-14.74
-19.76
-14.12
-15.30
-21.02
-21.52
-14.50
-18.80
-25.47
-23.27
-21.36
-17.71
-14.52
-22.45
-23.16
-19.32
-27.45
-21.43
-19.81
-23.35
-18.83
-15.82
-21.17
-22.85
-29.29
-20.90
-25.63
-24.28
-20.61
-20.95
-9.72
-18.30
-11.16
-13.16
-13.28
-16.97
-18.84
-15.10
-14.81
-20.78
-14.54
-19.96
-13.79
-10.93
-10.30
-13.15
-19.31
-23.40
-19.68
-26.30
-14.67
-23.21
-20.67
-22.87
-27.55
-12.33
-15.37
-21.05
-14.17
-12.88
-16.32
-22.96
-25.77
-13.07
-24.75
-18.06
-12.55
-27.54
-23.00
-18.13
-18.72
-16.99
-15.31
-21.77
-13.10
-17.21
-25.43
-20.46
-16.34
-17.84
-19.47
-26.06
-19.01
-26.58
-19.91
-16.12
-14.10
-23.78
-14.72
-11.04
-23.82
-22.64
-16.16
-15.96
-9.92
-18.00
-14.43
-23.31
-23.90
-24.55
-25.36
-22.07
-16.07
-21.00
-17.09
-14.21
-20.81
-18.39
-20.46
-4.93
-11.56
-16.08
-20.47
-15.75
-15.45
-18.56
-15.02
-18.16
-12.57
-23.16
-19.48
-15.53
-23.81
-16.05
-17.84
-20.30
-27.08
-22.39
-33.17
-12.79
-20.33
-13.14
-21.64
-18.56
-18.81
-23.61
-22.93
-23.88
-23.21
-27.99
-27.63
-15.20
-17.17
-13.79
-18.96
-27.43
-14.54
-14.63
-26.33
-18.77
-16.99
-18.30
-19.17
-19.27
-18.70
-13.71
-23.38
-16.56
-25.79
-13.80
-20.30
-11.19
-16.85
-17.79
-16.67
-24.68
-10.45
-27.49
-11.81
-30.32
-19.29
-21.72
-21.43
-27.26
-21.95
-18.98
-22.21
-27.54
-15.46
-17.27
-10.53
-8.41
-16.37
-22.51
-26.72
-20.23
-15.98
-20.25
-22.30
-19.60
-19.75
-19.17
-29.16
-16.26
-27.14
-17.90
-17.59
-18.33
-26.47
-21.70
-19.72
-19.97
-14.08
-24.00
-14.15
-12.32
-14.67
-16.72
-19.16
-11.77
-26.68
-15.76
-19.73
-24.15
-14.93
-22.13
-15.78
-14.12
-17.76
-18.62
-18.18
-21.13
-14.63
-11.29
-16.88
-22.52
-20.52
-31.20
-19.70
-11.39
-17.83
-20.07
-35.85
-23.91
-17.03
-9.93
-13.74
-15.56
-17.24
-23.14
-22.36
-19.87
-16.08
-10.96
-15.12
-16.37
-13.83
-13.23
-19.42
-17.50
-15.58
-18.92
-17.02
-24.84
-26.88
-10.91
-24.80
-17.15
-18.97
-21.53
-22.57
-16.08
-12.03
-11.19
-19.36
-16.78
-17.12
-11.39
-13.16
-21.57
-18.34
-17.81
-20.56
-22.02
-15.81
-18.15
-18.03
-17.08
-18.87
-21.20
-19.38
-22.12
-10.25
-18.37
-28.45
-20.32
-7.12
-15.35
-19.96
-17.14
-20.95
-14.17
-20.65
-18.94
-19.78
-17.07
-17.09
-21.29
-26.11
-10.75
-14.39
-24.93
-8.79
-13.27
-7.22
-15.54
-26.24
-22.59
-29.85
-14.68
-22.27
-22.21
-18.70
-17.13
-17.93
-19.50
-7.70
-13.17
-17.87
-26.56
-21.88
-29.03
-10.56
-21.30
-13.89
-23.91
-17.03
-14.74
-25.60
-6.52
-20.23
-13.41
-26.68
-9.89
-16.20
-21.09
-17.25
-19.29
-12.02
-18.46
-14.98
-17.32
-18.84
-16.25
-24.79
-19.17
-26.24
-18.83
-11.48
-22.14
-11.97
-17.37
-14.01
-17.41
-29.37
-17.01
-9.90
-12.75
-13.46
-14.13
-18.14
-21.73
-14.40
-22.38
-17.32
-20.16
-24.50
-23.53
-21.65
-9.49
-24.48
-13.87
-13.60
-15.97
-24.42
-21.19
-12.25
-18.13
-23.78
-21.24
-23.41
-20.07
-22.46
-20.97
-18.32
-12.43
-9.34
-19.19
-19.59
-19.76
-16.16
-21.21
-19.95
-26.35
-17.05
-19.26
-38.32
-23.28
-25.00
-20.82
-19.45
-14.56
-12.01
-20.53
-17.47
-11.65
-16.32
-28.67
-18.37
-11.73
-15.13
-17.13
-20.12
-25.54
-6.69
-18.78
-18.04
-16.64
-15.87
-15.65
-14.82
-13.42
-13.04
-21.62
-24.44
-24.93
-19.97
-21.40
-25.43
-20.59
-15.26
-27.23
-9.55
-9.09
-23.84
-22.10
-16.30
-9.90
-18.42
-14.17
-33.34
-18.06
-9.24
-25.22
-18.00
-21.29
-21.01
-13.60
-24.08
-17.14
-21.36
-22.94
-18.64
-21.79
-20.11
-18.36
-15.10
-23.05
-18.75
-19.65
-18.36
-19.66
-20.31
-8.95
-17.59
-20.38
-16.24
-20.05
-13.43
-24.63
-15.51
-14.92
-27.52
-19.71
-27.13
-25.74
-21.56
-20.26
-18.07
-8.80
-16.32
-20.71
-25.78
-14.27
-21.36
-25.45
-20.60
-15.08
-18.12
-14.43
-11.78
-16.54
-16.59
-22.24
-18.99
-16.53
-25.28
-20.43
-24.71
-5.57
-27.18
-25.02
-18.59
-11.06
-19.43
-15.92
-20.96
-22.23
-7.51
-26.89
-21.87
-19.14
-20.42
-20.31
-18.19
-12.64
-18.08
-20.57
-9.79
-23.00
-14.21
-17.35
-23.03
-10.39
-18.02
-19.21
-11.19
-15.85
-28.70
-18.76
-16.22
-15.42
-3.14
-24.03
-16.75
-19.48
-30.98
-18.60
-20.13
-24.39
-9.78
-9.31
-20.57
-8.58
-16.29
-15.47
-16.07
-13.92
-20.94
-8.08
-7.92
-33.63
-17.69
-27.25
-21.19
-12.54
-14.92
-26.64
-33.65
-31.28
-19.88
-21.51
-12.88
-33.12
-8.69
-18.83
-24.34
-29.02
-11.00
-15.79
-17.68
-23.22
-9.44
-21.29
-22.26
-21.27
-27.49
-19.23
-15.83
-19.48
-16.69
-16.17
-18.89
-33.99
-24.94
-20.98
-18.38
-12.66
-13.61
-22.27
-23.72
-20.22
-17.26
-19.99
-18.18
-21.31
-10.11
-20.62
-18.11
-13.54
-17.13
-21.73
-25.06
-20.53
-13.00
-18.22
-12.28
-22.13
-11.04
-24.96
-18.17
-12.89
-21.96
-23.68
-11.33
-16.13
-16.61
-18.85
-15.50
-27.65
-23.81
-25.23
-17.52
-17.64
-30.57
-17.08
-19.97
-16.80
-20.14
-14.64
-23.17
-25.89
-10.86
-12.74
-13.07
-24.74
-21.90
-15.34
-16.47
-22.61
-14.21
-18.46
-19.95
-25.70
-11.28
-16.45
-22.55
-23.90
-15.99
-18.68
-16.85
-15.40
-12.51
-22.45
-15.31
-12.40
-22.27
-15.31
-7.62
-17.22
-11.59
-21.03
-20.28
-17.16
-20.94
-22.37
-12.59
-18.21
-13.50
-16.25
-18.69
-21.87
-20.85
-20.06
-18.19
-16.69
-17.67
-17.82
-16.60
-23.37
-20.37
-24.86
-13.98
-13.19
-22.04
-15.31
-24.34
-14.38
-14.34
-16.88
-24.17
-21.96
-12.37
-19.00
-19.32
-11.88
-14.85
-18.12
-16.50
-12.42
-16.68
-24.29
-18.25
-14.79
-15.65
-16.93
-12.04
-20.05
-17.36
-14.80
-11.98
-16.96
-17.38
-12.21
-10.83
-24.28
-13.56
-21.69
-20.29
-17.08
-16.95
-30.10
-13.10
-18.34
-20.59
-15.58
-18.72
-15.47
-12.76
-20.03
-7.96
-22.42
-22.48
-32.78
-12.61
-9.46
-19.27
-24.21
-17.57
-20.26
-26.82
-13.63
-19.72
-16.95
-20.58
-23.52
-18.56
-21.08
-23.09
-7.84
-13.05
-18.85
-18.57
-19.76
-17.75
-9.09
-22.91
-16.49
-29.60
-16.96
-12.05
-15.13
-19.85
-10.86
-13.69
-20.32
-17.29
-20.19
-21.48
-13.64
-14.97
-14.22
-13.11
-9.56
-21.20
-24.49
-14.97
-23.80
-1.25
-21.13
-14.95
-14.13
-15.97
-21.56
-16.46
-17.27
-21.82
-18.29
-26.27
-23.00
-18.57
-15.89
-20.37
-16.31
-29.74
-13.83
-13.50
-26.16
-18.78
-18.26
-20.72
-18.75
-16.09
-24.33
-16.71
-23.89
-21.32
-12.50
-21.03
-27.81
-12.80
-18.78
-28.32
-16.05
-8.75
-19.03
-11.32
-10.37
-18.69
-23.74
-20.19
-24.85
-14.13
-29.83
-12.31
-18.16
-22.23
-22.77
-22.87
-19.81
-12.88
-26.75
-14.02
-23.45
-15.64
-16.25
-18.59
-16.34
-14.28
-24.99
-21.85
-23.94
-15.08
-16.43
-16.84
-25.74
-9.91
-39.68
-13.92
-13.30
-10.37
-9.40
-22.46
-14.80
-13.30
-18.92
-21.05
-20.27
-28.42
-15.53
-16.29
-11.59
-22.08
-21.30
-20.16
-21.60
-14.87
-20.93
-25.51
-15.70
-21.00
-13.99
-20.91
-18.25
-15.04
-20.97
-28.73
-18.82
-17.62
-15.82
-20.37
-24.47
-19.29
-18.02
-24.75
-15.73
-26.31
-21.70
-22.30
-23.06
-34.21
-23.23
-17.67
-15.99
-25.78
-23.02
-18.51
-9.55
-20.40
-16.43
-20.46
-16.06
-17.42
-16.15
-25.07
-18.58
-15.91
-22.82
-21.70
-19.87
-12.71
-19.51
-19.32
-18.32
-21.18
-21.15
-23.10
-28.44
-3.75
-21.90
-24.74
-9.55
-11.33
-22.61
-25.44
-17.74
-20.90
-16.78
-24.12
-20.89
-14.61
-16.08
-19.24
-18.08
-12.68
-17.40
-24.41
-21.19
-10.94
-16.84
-18.84
-15.92
-24.22
-9.16
-15.66
-14.93
-18.70
-18.13
-16.78
-12.38
-24.01
-22.09
-20.52
-12.22
-19.08
-12.36
-15.68
-21.77
-14.84
-21.14
-15.78
-24.21
-26.64
-17.03
-23.20
-19.18
-15.67
-18.80
-22.94
-17.59
-16.75
-16.49
-28.39
-15.68
-21.11
-11.42
-22.06
-10.21
-18.42
-22.74
-12.81
-19.76
-13.92
-18.72
-19.32
-17.55
-11.42
-17.90
-22.24
-8.30
-19.19
-18.35
-12.24
-15.39
-19.65
-18.08
-17.52
-14.75
-18.52
-14.27
-14.90
-19.83
-20.07
-24.11
-13.18
-14.43
-5.48
-17.18
-21.62
-19.82
-18.31
-29.31
-17.30
-22.28
-20.62
-16.54
-18.46
-16.02
-17.61
-19.25
-21.31
-20.61
-27.17
-21.71
-26.89
-23.06
-16.02
-28.86
-17.10
-22.89
-18.14
-20.90
-17.77
-20.18
-19.98
-12.27
-25.29
-18.05
-14.04
-26.38
-14.71
-23.94
-20.95
-9.33
-21.80
-16.11
-19.26
-18.79
-18.61
-14.70
-18.42
-19.84
-20.74
-14.36
-19.23
-25.01
-14.12
-23.89
-24.04
-22.37
-16.54
-32.33
-16.48
-24.21
-12.93
-17.86
-15.94
-15.88
-20.86
-23.93
-19.38
-28.48
-14.34
-24.87
-18.04
-23.47
-17.08
-20.77
-25.39
-19.60
-11.85
-30.23
-10.11
-23.03
-18.15
-20.11
-23.52
-13.96
-13.87
-16.22
-18.80
-22.40
-28.38
-15.78
-16.58
-16.64
-15.38
-18.45
-12.23
-10.53
-17.90
-17.20
-22.56
-31.79
-18.81
-17.82
-14.03
-19.89
-15.04
-12.16
-17.49
-17.81
-24.39
-19.41
-12.37
-18.26
-17.81
-26.54
-20.41
-19.01
-16.72
-17.24
-16.26
-26.18
-17.39
-20.86
-19.17
-21.09
-17.05
-17.95
-18.74
-25.95
-21.27
-19.33
-18.61
-21.12
-21.24
-16.94
-11.92
-14.98
-19.00
-23.79
-23.52
-14.30
-18.37
-23.77
-31.84
-12.18
-24.88
-13.68
-23.21
-17.57
-17.15
-16.46
-17.28
-20.77
-29.26
-22.24
-26.49
-15.91
-22.40
-14.97
-12.26
-20.74
-13.18
-17.15
-26.67
-13.63
-32.50
-14.83
-19.38
-24.35
-15.35
-21.04
-7.50
-13.63
-17.62
-21.98
-23.06
-26.81
-22.59
-30.44
-24.04
-14.69
-22.69
-24.30
-22.53
-13.37
-19.91
-22.05
-22.88
-22.08
-19.19
-18.48
-9.91
-12.83
-16.48
-24.78
-20.61
-19.10
-23.19
-17.84
-25.33
-15.99
-15.33
-15.59
-19.98
-33.88
-23.79
-29.03
-16.66
-14.37
-15.96
-14.36
-16.35
-15.09
-17.20
-21.76
-26.34
-22.92
-12.57
-12.59
-11.79
-23.60
-25.41
-16.99
-14.68
-19.38
-18.89
-11.28
-15.19
-17.03
-11.62
-12.88
-16.54
-21.97
-15.91
-18.71
-23.06
-12.50
-7.37
-13.58
-23.08
-19.44
-30.62
-16.16
-20.41
-21.43
-15.32
-15.64
-8.67
-11.10
-24.22
-11.26
-24.40
-19.33
-22.14
-19.73
-13.42
-17.77
-17.85
-15.50
-21.50
-19.60
-16.79
-15.92
-27.00
-13.90
-19.52
-21.90
-17.40
-17.40
-16.01
-12.92
-16.50
-14.67
-17.06
-21.69
-15.70
-25.42
-25.09
-8.99
-12.23
-10.92
-23.72
-22.67
-17.50
-10.40
-19.06
-28.80
-14.36
-13.57
-18.47
-19.33
-15.34
-16.85
-14.75
-24.00
-17.22
-11.69
-22.59
-17.66
-24.82
-17.56
-18.50
-17.87
-16.22
-22.60
-15.03
-23.73
-7.19
-15.74
-31.10
-19.45
-24.26
-16.71
-13.52
-11.36
-20.03
-16.78
-23.42
-15.38
-17.43
-19.13
-17.17
-24.24
-27.64
-7.32
-15.71
-17.59
-12.79
-22.50
-16.52
-15.01
-11.23
-16.42
-17.95
-21.78
-17.24
-25.77
-20.10
-20.15
-8.75
-24.14
-19.69
-21.10
-19.70
-15.98
-22.28
-19.26
-13.36
-17.80
-17.26
-20.30
-23.82
-22.51
-19.90
-19.72
-15.70
-12.52
-15.78
-26.61
-20.89
-23.22
-16.30
-17.57
-16.88
-11.10
-12.66
-18.87
-26.85
-13.05
-20.82
-14.95
-25.28
-15.20
-19.76
-21.96
-14.75
-23.23
-15.66
-10.66
-25.75
-14.15
-16.82
-16.10
-14.50
-7.41
-18.15
-13.74
-14.09
-17.58
-18.03
-12.99
-19.13
-13.37
-13.63
-19.94
-14.63
-17.12
-29.04
-14.15
-23.77
-18.36
-28.10
-18.19
-11.42
-17.21
-14.89
-9.69
-15.70
-11.59
-16.52
-7.13
-14.22
-12.90
-17.13
-17.36
-29.74
-23.22
-13.14
-22.68
-19.47
-17.01
-16.69
-15.91
-15.52
-19.19
-23.25
-18.33
-18.66
-17.91
-24.06
-12.38
-13.26
-15.55
-15.95
-20.71
-16.59
-10.87
-17.04
-17.64
-13.29
-27.03
-20.07
-20.50
-19.98
-17.91
-16.63
-24.43
-32.65
-18.92
-19.73
-17.52
-13.68
-14.89
-22.79
-22.87
-10.99
-23.98
-23.12
-19.39
-20.17
-16.83
-21.33
-17.23
-16.48
-13.74
-25.27
-19.68
-21.87
-13.47
-17.68
-16.32
-13.70
-28.35
-13.21
-15.98
-22.97
-16.47
-19.84
-20.90
-25.56
-18.57
-12.98
-22.68
-26.16
-17.49
-14.79
-12.30
-15.52
-15.22
-25.39
-11.68
-13.40
-20.99
-16.61
-12.80
-21.18
-22.65
-23.53
-25.06
-20.79
-21.15
-24.01
-19.99
-7.00
-22.10
-16.16
-23.68
-16.10
-19.85
-14.68
-21.33
-18.15
-18.04
-11.98
-23.27
-16.85
-14.91
-20.02
-12.12
-21.97
-23.43
-27.43
-23.36
-20.48
-16.78
-20.09
-19.16
-12.66
-19.52
-27.44
-23.58
-19.69
-10.86
-20.53
-18.45
-18.06
-17.48
-23.32
-16.82
-16.67
-18.84
-10.25
-18.69
-15.88
-23.04
-14.10
-22.01
-11.31
-14.62
-19.90
-19.89
-7.47
-12.24
-20.56
-23.51
-17.12
-14.98
-19.06
-15.77
-19.57
-15.51
-13.63
-15.93
-19.95
-16.08
-19.50
-21.95
-15.04
-13.57
-15.33
-16.07
-19.54
-14.82
-14.75
-9.76
-26.46
-16.57
-18.78
-15.45
-19.89
-21.02
-29.61
-14.93
-9.34
-18.94
-24.01
-14.24
-22.05
-10.10
-22.15
-26.27
-24.28
-19.91
-20.99
-29.36
-21.16
-21.29
-29.47
-14.44
-12.33
-17.54
-28.66
-31.76
-15.30
-17.54
-11.29
-20.47
-14.93
-17.05
-22.47
-10.09
-16.61
-15.27
-22.22
-18.88
-11.37
-21.98
-25.68
-25.35
-12.93
-22.11
-20.15
-16.64
-13.45
-20.64
-23.28
-24.25
-14.61
-13.10
-12.92
-22.82
-17.39
-13.04
-18.56
-22.35
-17.94
-11.51
-22.56
-22.17
-15.04
-11.78
-26.26
-26.86
-24.51
-18.55
-21.29
-24.71
-19.64
-29.70
-24.92
-25.37
-25.48
-30.77
-12.10
-11.98
-22.45
-11.80
-23.53
-18.26
-10.77
-18.01
-23.34
-13.34
-7.76
-8.28
-22.63
-19.13
-15.49
-16.50
-19.07
-22.77
-13.48
-17.87
-20.85
-32.00
-13.45
-16.81
-25.02
-13.29
-17.15
-28.86
-14.60
-16.80
-18.09
-9.98
-11.55
-15.39
-21.61
-15.37
-16.72
-14.75
-20.29
-15.84
-12.64
-21.51
-24.12
-11.17
-19.74
-19.96
-20.75
-21.21
-19.41
-23.28
-19.84
-27.49
-18.48
-15.43
-15.59
-15.55
-19.81
-13.85
-28.94
-21.83
-17.49
-12.86
-12.19
-23.74
-23.34
-12.76
-19.94
-15.01
-14.41
-23.41
-27.49
-17.32
-19.50
-19.03
-16.79
-14.78
-17.67
-21.00
-17.10
-19.01
-28.02
-20.35
-15.42
-10.69
-23.44
-13.27
-15.19
-18.53
-15.13
-7.54
-18.78
-18.38
-21.25
-22.83
-13.09
-23.03
-7.73
-29.70
-23.50
-23.31
-16.04
-13.33
-14.13
-15.78
-13.26
-24.80
-21.03
-19.43
-20.17
-18.67
-22.07
-18.27
-16.69
-30.74
-19.27
-7.22
-20.26
-25.90
-23.58
-11.79
-20.90
-20.29
-20.37
-10.74
-21.02
-22.89
-14.79
-29.12
-25.01
-19.35
-19.09
-24.35
-18.69
-19.12
-15.37
-22.76
-24.11
-16.15
-19.40
-18.86
-17.79
-18.25
-13.32
-17.05
-17.05
-10.80
-10.00
-13.16
-15.11
-24.18
-11.73
-21.83
-9.82
-23.77
-13.28
-15.50
-15.34
-22.13
-18.80
-13.41
-17.03
-19.60
-22.14
-25.79
-14.23
-19.92
-16.75
-14.96
-14.40
-16.85
-19.33
-15.12
-17.86
-20.70
-11.18
-14.11
-18.89
-17.33
-20.24
-18.53
-14.84
-12.80
-17.17
-15.42
-18.76
-17.15
-19.85
-16.35
-15.98
-17.42
-13.62
-11.43
-13.97
-17.37
-12.35
-14.55
-11.06
-21.09
-22.13
-18.79
-13.79
-20.82
-14.75
-13.29
-14.70
-20.34
-14.81
-32.62
-8.41
-13.87
-15.59
-24.91
-15.66
-16.73
-16.77
-16.61
-13.27
-18.45
-21.20
-19.35
-16.58
-14.10
-16.52
-27.80
-17.51
-23.70
-11.76
-14.88
-14.42
-18.02
-15.93
-16.36
-17.75
-9.17
-12.16
-13.65
-16.45
-14.29
-24.42
-27.00
-10.23
-13.48
-19.13
-14.13
-8.11
-15.75
-9.19
-20.79
-29.82
-15.88
-18.52
-21.02
-23.11
-26.98
-21.73
-17.19
-27.25
-15.51
-18.81
-19.90
-16.48
-22.67
-19.20
-23.75
-21.97
-23.19
-23.27
-14.33
-20.50
-16.29
-13.42
-15.16
-22.30
-12.65
-15.63
-7.66
-12.08
-19.12
-11.93
-18.96
-7.42
-15.70
-18.30
-32.05
-16.68
-24.78
-20.84
-22.05
-18.87
-19.09
-12.09
-12.01
-17.69
-7.15
-13.29
-26.44
-12.73
-15.26
-21.74
-15.57
-18.73
-23.94
-16.18
-18.14
-26.58
-18.97
-17.88
-23.24
-17.66
-18.53
-22.78
-23.83
-19.35
-15.08
-16.74
-17.18
-26.25
-10.88
-13.38
-23.64
-18.33
-16.28
-18.93
-19.18
-16.69
-20.30
-13.39
-10.06
-15.26
-12.64
-18.55
-20.00
-24.63
-19.61
-9.46
-17.49
-17.01
-23.30
-22.16
-13.84
-10.67
-19.68
-31.98
-20.37
-18.77
-12.25
-15.42
-6.30
-13.32
-15.70
-7.96
-15.87
-14.65
-9.90
-8.80
-15.75
-16.18
-19.78
-17.80
-13.89
-12.37
-15.38
-14.38
-26.24
-15.07
-12.49
-18.27
-17.74
-17.96
-13.42
-23.52
-19.02
-25.26
-12.40
-17.40
-19.55
-27.52
-16.18
-25.28
-25.17
-22.85
-22.83
-24.33
-14.79
-20.59
-16.11
-12.68
-19.48
-21.95
-13.93
-16.13
-18.06
-21.58
-20.91
-10.49
-24.57
-18.53
-19.60
-22.94
-14.86
-14.89
-25.00
-23.70
-23.58
-25.23
-18.46
-16.28
-20.21
-20.55
-21.23
-22.26
-14.06
-16.34
-18.40
-16.47
-11.63
-17.92
-15.97
-16.60
-19.74
-13.77
-18.97
-19.33
-19.63
-22.82
-18.75
-23.67
-29.19
-13.46
-20.02
-20.69
-27.99
-21.56
-18.22
-29.07
-14.08
-25.38
-5.65
-28.30
-10.48
-16.89
-10.12
-20.01
-13.65
-6.79
-21.75
-20.02
-8.41
-20.78
-13.86
-9.55
-20.59
-17.64
-28.08
-16.87
-8.56
-12.04
-14.32
-23.41
-23.60
-13.92
-20.10
-18.68
-26.17
-11.15
-21.85
-20.41
-23.48
-17.55
-10.74
-26.75
-18.94
-19.16
-22.49
-13.70
-16.40
-11.02
-17.50
-21.24
-19.89
-22.71
-21.54
-19.06
-21.72
-16.62
-12.65
-20.17
-17.07
-18.19
-17.76
-12.15
-18.87
-9.42
-25.08
-16.80
-14.84
-20.64
-14.41
-17.52
-21.90
-15.06
-28.49
-23.36
-10.83
-17.40
-18.23
-6.78
-24.46
-17.76
-17.81
-19.32
-16.49
-16.15
-13.08
-18.38
-16.17
-12.65
-19.36
-22.00
-20.31
-18.58
-20.11
-18.11
-14.18
-18.59
-6.81
-22.80
-21.31
-19.91
-18.57
-13.43
-18.42
-28.22
-17.85
-12.31
-22.38
-13.11
-17.01
-16.57
-12.01
-19.04
-12.15
-30.01
-16.51
-18.21
-18.33
-20.01
-21.13
-21.09
-16.84
-19.14
-19.41
-10.37
-12.22
-17.48
-13.70
-15.15
-23.05
-15.96
-20.56
-23.85
-32.62
-23.62
-20.82
-19.02
-19.50
-17.75
-21.96
-14.94
-16.74
-14.38
-15.30
-20.19
-13.01
-30.50
-23.03
-9.30
-20.70
-22.06
-18.67
-15.16
-19.99
-13.11
-13.87
-17.71
-28.20
-16.53
-14.77
-12.77
-25.95
-15.51
-21.39
-24.71
-21.43
-13.56
-14.97
-16.91
-18.02
-14.37
-20.85
-19.07
-16.41
-14.26
-16.45
-15.30
-15.82
-25.97
-19.27
-25.08
-10.28
-22.64
-30.97
-16.53
-21.57
-13.58
-25.96
-30.68
-14.32
-28.33
-20.71
-21.07
-21.58
-24.38
-13.98
-15.92
-15.03
-19.85
-9.33
-20.27
-12.52
-21.52
-14.30
-21.04
-22.57
-18.88
-14.73
-17.51
-21.67
-25.12
-22.18
-22.05
-15.14
-18.35
-29.85
-13.06
-17.17
-8.66
-17.21
-28.32
-31.71
-30.13
-18.37
-24.31
-6.13
-18.69
-8.87
-23.55
-17.04
-17.55
-21.11
-18.80
-15.51
-11.51
-15.61
-15.93
-13.73
-17.32
-12.63
-17.55
-25.62
-13.12
-15.01
-19.31
-15.70
-15.20
-14.48
-18.54
-19.21
-15.94
-20.51
-12.92
-23.36
-18.77
-8.82
-21.34
-17.15
-21.73
-24.67
-15.29
-31.35
-19.95
-10.88
-16.72
-15.67
-17.61
-12.28
-15.89
-18.06
-14.30
-10.82
-18.65
-16.94
-24.23
-16.46
-17.13
-12.83
-18.52
-20.02
-17.78
-20.56
-18.55
-15.38
-19.29
-19.55
-10.38
-23.19
-13.04
-14.57
-12.79
-20.67
-26.66
-26.73
-11.08
-20.44
-12.47
-24.76
-22.83
-15.46
-29.27
-16.06
-20.50
-13.63
-7.13
-15.36
-12.22
-24.82
-17.14
-17.36
-9.70
-22.16
-18.04
-17.32
-13.58
-16.93
-18.88
-13.94
-15.75
-11.79
-19.94
-13.21
-25.78
-12.78
-25.98
-16.34
-25.72
-11.12
-12.65
-31.88
-32.15
-18.35
-15.72
-18.53
-11.55
-13.75
-19.29
-25.87
-22.70
-14.87
-17.75
-21.62
-27.05
-11.91
-19.77
-10.34
-14.52
-27.56
-24.19
-22.26
-22.76
-15.55
-11.81
-14.90
-9.02
-14.92
-11.14
-21.29
-13.23
-22.20
-15.92
-16.20
-20.36
-26.93
-19.46
-20.11
-13.75
-12.77
-20.51
-12.62
-16.43
-11.05
-15.35
-34.12
-33.30
-11.21
-13.43
-17.09
-22.38
-13.89
-27.54
-13.41
-14.07
-17.76
-19.06
-19.14
-13.97
-19.39
-20.00
-19.85
-26.35
-26.75
-22.66
-13.21
-17.17
-18.00
-14.88
-23.70
-17.40
-14.08
-20.66
-11.82
-15.19
-20.83
-23.51
-18.64
-13.39
-16.18
-20.18
-19.65
-18.83
-15.88
-15.08
-20.84
-24.18
-12.14
-17.76
-17.95
-17.66
-18.68
-20.91
-27.25
-17.26
-23.64
-20.49
-20.39
-18.49
-12.91
-17.12
-16.75
-18.69
-22.16
-20.72
-15.51
-12.50
-17.36
-22.49
-17.04
-18.95
-14.44
-18.38
-15.50
-26.14
-19.98
-12.06
-13.38
-15.68
-26.67
-17.39
-17.48
-16.66
-20.65
-11.33
-16.71
-18.52
-31.15
-15.46
-13.83
-19.78
-20.38
-13.85
-9.28
-21.55
-12.90
-23.24
-26.42
-32.27
-17.13
-15.79
-22.50
-24.79
-19.90
-17.38
-13.54
-11.54
-15.55
-25.03
-13.04
-15.72
-17.07
-12.22
-14.84
-16.93
-14.96
-30.60
-14.71
-22.91
-21.13
-21.34
-15.09
-19.18
-23.89
-17.19
-21.33
-8.97
-14.34
-21.58
-4.92
-17.26
-11.29
-18.72
-12.72
-27.31
-19.64
-23.24
-17.64
-16.29
-16.60
-13.24
-19.52
-21.37
-11.79
-24.57
-23.38
-14.75
-18.29
-21.70
-14.23
-26.60
-13.76
-10.79
-18.38
-5.24
-16.24
-25.92
-18.65
-22.68
-15.09
-21.64
-26.72
-17.23
-19.42
-20.74
-14.75
-19.70
-17.30
-20.41
-20.41
-18.09
-14.29
-22.87
-23.51
-15.47
-21.98
-13.23
-23.96
-16.65
-31.26
-14.18
-15.78
-17.54
-14.54
-10.06
-16.40
-16.34
-23.54
-26.99
-17.50
-18.44
-15.65
-13.71
-17.02
-10.87
-13.14
-29.76
-17.19
-26.47
-18.73
-19.09
-18.35
-15.06
-19.34
-19.37
-11.59
-24.69
-13.04
-20.30
-10.15
-16.25
-13.18
-15.40
-19.73
-22.39
-24.92
-24.63
-17.43
-29.73
-9.27
-16.53
-24.04
-4.69
-15.32
-15.83
-20.80
-23.58
-17.00
-11.39
-17.79
-20.36
-21.48
-17.88
-24.31
-17.30
-16.43
-12.60
-15.18
-19.57
-32.53
-16.21
-17.53
-22.90
-19.57
-16.11
-25.09
-20.88
-28.62
-15.91
-12.76
-15.09
-14.66
-11.74
-12.98
-17.55
-26.23
-19.86
-16.79
-19.84
-18.23
-21.42
-19.27
-27.04
-16.16
-22.25
-6.82
-16.43
-27.06
-28.08
-21.87
-10.07
-15.52
-12.02
-18.67
-21.28
-21.64
-14.04
-24.45
-28.56
-22.53
-10.10
-21.26
-19.16
-16.63
-17.13
-24.90
-29.00
-23.19
-24.07
-23.52
-15.97
-20.42
-17.67
-21.41
-20.94
-13.96
-16.34
-26.22
-24.99
-19.12
-19.56
-27.89
-7.09
-19.54
-23.56
-28.88
-15.26
-19.86
-14.78
-15.69
-15.57
-17.05
-15.35
-12.33
-28.01
-17.11
-26.60
-10.64
-11.82
-25.15
-23.82
-17.49
-17.07
-18.60
-20.16
-10.62
-22.22
-19.20
-22.71
-19.27
-20.07
-3.91
-22.83
-15.26
-29.45
-16.21
-26.85
-17.09
-19.89
-18.33
-17.74
-17.63
-16.99
-21.05
-23.01
-21.37
-25.63
-17.58
-22.09
-20.93
-17.86
-17.81
-20.79
-11.88
-20.89
-17.23
-22.11
-27.64
-22.36
-12.75
-18.79
-12.61
-9.10
-18.55
-12.72
-20.54
-28.86
-13.57
-12.51
-15.96
-21.57
-14.44
-25.64
-9.93
-22.91
-11.81
-15.33
-10.11
-23.09
-26.45
-23.59
-14.02
-12.96
-24.13
-19.53
-15.38
-17.86
-18.72
-7.29
-20.31
-22.32
-28.99
-16.85
-23.12
-20.34
-8.63
-20.16
-18.36
-20.40
-19.53
-31.20
-12.70
-16.16
-22.18
-13.66
-12.70
-21.75
-17.47
-15.07
-13.53
-21.55
-17.60
-7.74
-17.17
-18.43
-27.44
-20.49
-12.78
-18.28
-22.40
-20.80
-24.50
-21.81
-20.54
-14.64
-24.83
-19.13
-19.88
-17.89
-9.31
-27.02
-16.69
-12.74
-20.75
-20.25
-12.30
-17.93
-17.92
-22.18
-21.40
-29.21
-23.74
-20.03
-19.77
-19.34
-21.59
-21.89
-21.98
-10.74
-23.22
-17.97
-13.60
-22.56
-15.70
-17.72
-16.71
-17.24
-19.33
-11.80
-28.55
-10.54
-11.65
-12.58
-25.09
-24.53
-19.22
-10.75
-17.99
-15.97
-17.45
-27.31
-13.61
-20.52
-24.03
-19.20
-4.45
-19.17
-26.83
-18.07
-16.17
-32.05
-19.78
-24.59
-16.57
-30.58
-6.65
-9.93
-25.04
-7.17
-8.12
-15.28
-17.39
-16.20
-21.35
-13.15
-16.21
-24.35
-7.74
-20.92
-11.63
-22.38
-23.27
-10.38
-17.23
-12.73
-17.16
-18.22
-12.37
-12.87
-17.79
-18.57
-22.51
-24.03
-24.61
-19.49
-11.66
-15.13
-13.83
-25.06
-19.01
-11.18
-10.56
-13.21
-24.18
-21.06
-16.92
-17.10
-9.98
-22.96
-11.82
-9.59
-20.68
-20.80
-13.61
-20.34
-15.83
-18.18
-19.06
-16.10
-25.91
-20.48
-13.65
-20.24
-25.28
-12.53
-11.12
-21.79
-16.76
-15.36
-24.13
-10.94
-16.14
-11.69
-15.00
-29.05
-25.22
-17.19
-14.74
-15.01
-19.92
-18.49
-22.76
-22.55
-17.50
-16.89
-16.64
-22.36
-19.90
-20.25
-14.82
-24.01
-18.02
-11.85
-16.81
-23.60
-25.89
-10.14
-18.17
-15.74
-28.65
-17.23
-20.33
-9.12
-17.90
-16.28
-23.43
-23.89
-17.87
-16.23
-17.31
-29.86
-18.99
-27.90
-27.16
-16.41
-17.71
-18.09
-13.52
-18.72
-13.40
-18.79
-19.03
-12.55
-19.24
-19.31
-21.18
-15.55
-22.55
-12.73
-25.99
-13.05
-16.22
-21.97
-15.90
-9.78
-20.80
-17.13
-16.20
-23.06
-16.06
-26.03
-16.01
-14.59
-13.83
-16.78
-20.78
-18.45
-21.07
-20.81
-14.83
-17.16
-16.54
-20.23
-10.93
-22.08
-18.19
-21.00
-11.13
-18.26
-24.54
-22.29
-30.56
-24.71
-18.45
-26.59
-14.71
-17.57
-19.54
-33.86
-19.47
-10.29
-13.14
-22.39
-15.06
-26.23
-19.54
-21.63
-22.02
-16.36
-19.42
-10.22
-19.56
-22.90
-7.56
-28.12
-20.94
-19.42
-13.35
-19.93
-14.33
-21.36
-19.41
-8.14
-18.24
-21.38
-22.04
-18.69
-16.03
-15.13
-23.76
-16.35
-19.72
-10.98
-27.84
-14.20
-10.23
-12.15
-20.49
-15.46
-20.20
-18.04
-28.18
-12.54
-19.63
-29.59
-17.25
-27.84
-18.54
-17.90
-22.45
-15.43
-17.38
-18.00
-18.96
-18.36
-23.85
-22.60
-23.49
-16.53
-20.67
-18.40
-23.78
-25.50
-19.08
-24.13
-9.94
-13.53
-16.66
-16.77
-14.98
-21.05
-25.86
-20.94
-13.84
-18.45
-20.80
-15.07
-21.21
-10.19
-18.66
-13.11
-18.57
-22.13
-8.67
-13.56
-10.70
-15.52
-18.26
-26.31
-17.05
-16.65
-22.28
-16.81
-19.42
-32.50
-18.84
-24.68
-25.64
-10.59
-13.51
-20.35
-14.33
-18.52
-17.54
-25.77
-22.02
-15.55
-19.31
-13.82
-10.75
-12.67
-21.22
-10.49
-17.93
-16.84
-13.87
-15.73
-25.60
-15.02
-11.72
-20.44
-14.28
-21.37
-12.60
-20.76
-21.04
-17.17
-28.60
-18.59
-13.38
-17.11
-20.13
-21.15
-17.64
-13.19
-17.83
-20.08
-15.56
-11.66
-25.12
-25.80
-20.67
-19.89
-27.45
-7.41
-11.91
-15.70
-20.10
-11.58
-12.72
-12.00
-18.98
-19.94
-18.13
-21.87
-18.73
-21.43
-18.74
-15.82
-22.36
-13.21
-14.56
-18.87
-19.37
-23.36
-7.38
-22.62
-20.41
-19.82
-17.71
-12.38
-13.38
-33.22
-19.10
-19.10
-18.57
-14.22
-21.19
-22.98
-26.03
-20.31
-16.32
-15.46
-10.05
-22.16
-16.09
-22.46
-15.67
-17.13
-11.65
-16.50
-12.50
-15.83
-23.18
-26.23
-20.34
-14.94
-19.53
-18.70
-18.40
-10.60
-10.58
-10.11
-24.97
-32.40
-19.81
-12.79
-15.02
-18.12
-14.10
-23.16
-18.00
-27.03
-19.85
-15.88
-20.62
-15.63
-14.62
-10.47
-32.67
-21.45
-19.45
-13.11
-24.90
-19.85
-13.07
-18.60
-20.12
-13.42
-16.97
-21.36
-19.68
-25.39
-18.84
-19.72
-20.53
-13.03
-17.57
-24.41
-16.33
-26.92
-18.55
-26.29
-33.52
-17.80
-20.51
-11.42
-22.55
-14.20
-20.78
-20.73
-27.95
-29.05
-19.63
-17.69
-17.36
-16.78
-17.39
-16.89
-22.91
-16.52
-7.41
-19.20
-14.87
-16.02
-30.48
-16.65
-12.50
-20.76
-10.89
-19.17
-14.00
-20.29
-19.28
-9.90
-20.64
-25.69
-13.74
-26.47
-20.15
-19.49
-25.52
-23.67
-29.36
-20.60
-23.84
-13.93
-23.15
-9.16
-18.74
-20.32
-14.71
-30.60
-12.50
-25.89
-20.09
-22.90
-23.10
-11.86
-21.40
-14.72
-14.75
-19.48
-14.98
-17.75
-21.40
-28.43
-10.20
-18.25
-20.40
-17.95
-13.53
-17.34
-18.18
-10.55
-14.93
-22.38
-24.23
-25.58
-21.51
-20.42
-23.04
-15.81
-11.47
-15.63
-22.74
-15.37
-16.94
-19.32
-23.42
-22.83
-17.82
-14.68
-18.04
-9.63
-20.60
-19.34
-22.72
-16.81
-21.67
-22.91
-17.02
-22.73
-18.10
-18.00
-23.09
-15.73
-21.05
-17.46
-20.52
-22.11
-19.18
-20.72
-10.81
-14.75
-15.90
-18.01
-21.52
-16.46
-17.11
-17.48
-15.97
-25.77
-17.24
-14.99
-22.14
-18.52
-19.98
-18.60
-28.12
-13.66
-23.79
-14.04
-15.21
-31.48
-15.21
-11.35
-20.28
-15.03
-23.44
-18.90
-14.79
-18.50
-13.10
-29.87
-18.58
-22.41
-10.80
-26.02
-29.87
-6.81
-13.05
-14.74
-13.37
-19.72
-13.96
-12.92
-13.24
-12.88
-11.70
-26.62
-19.84
-14.73
-9.66
-18.19
-13.79
-21.58
-23.42
-16.58
-15.41
-15.33
-26.37
-9.60
-11.49
-32.00
-12.00
-18.48
-14.75
-16.01
-16.48
-15.50
-12.62
-20.66
-20.32
-23.07
-22.16
-16.12
-15.48
-23.56
-20.32
-15.49
-28.32
-21.11
-20.91
-15.85
-21.68
-28.81
-32.40
-17.56
-10.77
-18.14
-15.15
-12.97
-13.17
-15.19
-15.83
-19.11
-16.16
-23.92
-15.73
-33.26
-23.22
-12.34
-5.27
-11.30
-25.54
-12.51
-22.17
-25.91
-13.91
-16.84
-15.09
-16.43
-20.42
-16.93
-14.77
-27.85
-12.60
-17.67
-12.63
-15.77
-15.07
-13.69
-23.31
-27.02
-29.82
-20.79
-13.70
-21.67
-11.56
-30.59
-16.88
-23.49
-19.05
-14.10
-12.61
-22.61
-11.69
-23.24
-26.06
-14.19
-14.25
-15.97
-11.85
-23.88
-28.43
-18.58
-16.29
-18.33
-22.60
-30.26
-19.45
-17.85
-14.95
-20.92
-28.49
-11.33
-17.76
-21.24
-15.00
-20.69
-14.36
-17.54
-13.20
-27.45
-10.65
-19.72
-10.55
-22.74
-16.94
-16.20
-18.80
-14.69
-24.73
-17.24
-12.38
-21.45
-22.65
-10.84
-22.17
-12.95
-19.87
-17.81
-20.87
-24.77
-15.03
-20.16
-18.78
-10.69
-15.59
-20.29
-23.32
-22.75
-20.85
-15.76
-13.04
-16.47
-23.97
-8.12
-16.47
-27.29
-18.19
-33.36
-13.01
-24.02
-21.32
-23.39
-15.73
-10.89
-20.07
-20.48
-21.99
-19.05
-14.31
-8.46
-25.73
-30.24
-16.20
-18.14
-21.85
-15.86
-22.47
-22.34
-28.27
-22.71
-15.60
-21.55
-19.62
-13.60
-11.00
-13.16
-23.84
-18.82
-16.30
-13.97
-15.52
-25.01
-12.51
-14.46
-14.75
-10.72
-18.88
-18.30
-19.03
-22.27
-18.70
-21.30
-25.03
-19.26
-25.06
-16.98
-12.27
-17.46
-16.21
-28.98
-16.09
-19.79
-21.23
-19.97
-13.25
-12.69
-16.14
-18.65
-19.45
-16.66
-17.17
-9.64
-21.77
-20.40
-26.69
-23.69
-28.25
-18.80
-26.27
-15.61
-19.50
-16.95
-20.09
-22.26
-16.68
-14.47
-16.00
-17.53
-17.32
-11.69
-23.03
-13.43
-18.03
-22.51
-24.93
-17.21
-24.04
-11.46
-20.01
-26.54
-21.74
-20.81
-20.19
-19.26
-22.29
-14.42
-18.89
-12.32
-22.02
-26.23
-20.31
-16.52
-17.03
-18.39
-14.20
-20.00
-20.23
-18.73
-13.71
-16.27
-15.04
-17.11
-16.48
-10.45
-26.81
-9.89
-14.24
-22.60
-16.77
-19.69
-10.48
-19.09
-11.81
-22.74
-20.65
-23.04
-21.72
-23.81
-16.13
-14.19
-20.54
-19.66
-23.51
-17.53
-14.38
-21.44
-28.22
-19.82
-19.06
-19.72
-11.34
-27.12
-5.38
-19.63
-18.33
-11.37
-24.01
-13.85
-13.96
-19.09
-22.39
-20.17
-20.77
-11.35
-27.48
-18.84
-13.12
-23.02
-13.09
-19.87
-9.69
-19.27
-21.95
-19.21
-22.82
-26.63
-19.08
-20.95
-12.32
-10.86
-21.75
-11.45
-10.37
-23.26
-15.90
-17.96
-18.70
-19.53
-5.56
-22.38
-13.51
-14.22
-11.22
-15.33
-19.50
-7.80
-16.98
-19.72
-20.80
-19.84
-23.74
-25.87
-17.98
-24.69
-16.04
-10.20
-20.01
-10.21
-14.14
-25.56
-19.46
-16.48
-12.78
-20.58
-13.21
-12.50
-21.86
-23.99
-16.37
-16.09
-20.94
-20.62
-30.48
-6.95
-15.89
-20.50
-22.02
-13.41
-16.80
-17.42
-24.28
-23.72
-17.44
-11.35
-23.04
-14.00
-20.55
-13.41
-22.17
-18.90
-8.49
-13.90
-16.41
-20.33
-17.67
-16.69
-14.80
-24.28
-12.67
-9.85
-24.02
-18.77
-19.71
-24.34
-15.56
-23.22
-16.61
-24.94
-14.73
-15.41
-13.26
-21.46
-19.25
-17.50
-11.94
-24.61
-15.76
-16.30
-11.96
-18.16
-19.55
-17.56
-20.51
-12.41
-14.67
-20.42
-17.10
-17.00
-19.71
-13.80
-13.47
-14.02
-13.72
-11.93
-23.31
-17.22
-14.08
-19.07
-17.49
-22.94
-21.40
-23.62
-13.80
-23.31
-20.60
-21.42
-18.26
-16.39
-18.94
-13.17
-20.12
-17.57
-23.40
-17.51
-21.09
-19.88
-14.53
-19.94
-6.69
-23.80
-18.76
-15.82
-23.53
-16.15
-15.60
-27.47
-0.85
-13.62
-23.92
-17.07
-19.88
-13.38
-21.57
-17.23
-22.16
-23.84
-17.30
-15.00
-16.90
-26.72
-24.74
-21.73
-24.08
-12.79
-21.44
-21.83
-19.06
-12.92
-21.52
-7.68
-15.76
-19.04
-15.76
-18.48
-21.25
-8.02
-12.13
-21.06
-14.70
-22.00
-22.02
-22.72
-20.21
-20.76
-20.50
-18.88
-19.75
-25.16
-20.05
-13.62
-18.95
-18.15
-15.44
-16.96
-21.33
-17.11
-15.27
-18.16
-19.13
-31.02
-13.69
-20.79
-20.91
-14.31
-13.99
-14.87
-7.86
-13.01
-21.96
-22.40
-8.93
-10.94
-17.91
-23.17
-22.46
-17.24
-21.49
-13.56
-20.63
-14.17
-12.68
-21.27
-13.35
-17.35
-13.35
-24.12
-22.27
-24.52
-18.14
-13.80
-21.45
-12.51
-17.91
-22.69
-29.36
-23.33
-15.80
-22.51
-16.13
-22.26
-5.11
-10.23
-18.49
-19.67
-15.34
-15.25
-16.70
-9.99
-16.66
-30.80
-14.32
-16.66
-30.84
-3.84
-10.50
-20.34
-22.63
-19.01
-24.87
-16.67
-16.33
-23.82
-21.63
-14.75
-25.83
-20.88
-14.90
-15.59
-13.12
-21.31
-24.87
-15.07
-14.51
-13.59
-15.68
-17.24
-27.26
-17.83
-14.24
-21.87
-16.17
-16.23
-19.31
-18.79
-20.72
-20.87
-9.28
-22.53
-12.17
-17.96
-15.86
-22.91
-15.71
-17.76
-12.12
-25.28
-25.44
-16.56
-15.86
-13.99
-25.09
-21.72
-11.20
-12.24
-12.67
-17.72
-16.49
-13.72
-11.80
-22.06
-29.47
-15.49
-21.78
-13.68
-24.67
-9.13
-25.58
-18.81
-13.47
-20.39
-22.07
-20.05
-15.48
-26.89
-20.93
-28.91
-24.99
-23.10
-9.93
-8.84
-14.65
-8.38
-13.16
-22.05
-17.61
-22.65
-15.42
-19.86
-9.75
-12.31
-25.53
-12.01
-20.86
-11.73
-15.53
-20.56
-21.22
-12.24
-25.40
-18.62
-19.43
-17.34
-13.51
-16.04
-17.60
-18.41
-18.52
-16.38
-25.23
-11.44
-21.25
-17.98
-26.59
-29.04
-14.50
-22.22
-14.98
-23.82
-21.41
-11.37
-16.48
-22.45
-17.76
-28.30
-27.70
-20.17
-10.96
-16.12
-14.71
-25.40
-16.74
-22.22
-13.87
-20.11
-25.64
-17.08
-20.93
-17.37
-13.92
-22.04
-27.45
-14.98
-17.53
-13.99
-17.74
-21.53
-21.04
-11.33
-20.86
-24.41
-20.73
-26.77
-19.14
-11.58
-15.06
-11.89
-17.31
-16.27
-17.85
-23.64
-19.90
-19.12
-18.70
-13.64
-15.84
-14.90
-15.63
-25.86
-21.46
-19.84
-13.83
-20.06
-24.45
-19.83
-20.45
-14.16
-19.15
-12.53
-17.02
-19.42
-14.83
-16.67
-12.89
-20.13
-21.80
-22.02
-14.68
-18.20
-16.69
-24.15
-24.73
-20.89
-20.34
-19.18
-24.20
-17.55
-8.33
-20.74
-22.62
-18.05
-19.91
-18.84
-15.24
-14.76
-16.71
-16.18
-18.56
-19.05
-14.45
-14.06
-17.14
-21.69
-21.59
-20.17
-17.66
-9.65
-24.78
-17.13
-10.31
-16.85
-15.02
-20.48
-31.26
-17.75
-7.00
-24.59
-20.21
-14.27
-19.28
-23.56
-12.64
-24.96
-14.58
-16.42
-17.88
-13.53
-18.70
-16.95
-20.46
-11.60
-20.63
-13.99
-21.03
-23.87
-16.81
-24.09
-13.38
-20.68
-17.38
-25.05
-26.75
-26.55
-13.06
-10.47
-15.30
-13.31
-23.74
-13.37
-14.76
-14.84
-28.50
-15.67
-24.01
-11.16
-16.66
-15.24
-15.64
-14.66
-20.71
-28.54
-20.63
-15.72
-22.42
-23.00
-25.46
-15.71
-19.63
-26.24
-14.38
-22.35
-22.57
-19.69
-20.68
-14.63
-21.87
-24.90
-27.00
-16.47
-12.53
-10.54
-11.54
-28.94
-14.22
-16.40
-16.33
-13.44
-14.97
-17.85
-19.57
-15.77
-12.16
-25.46
-20.21
-13.35
-12.85
-14.92
-17.87
-27.56
-10.88
-28.44
-15.08
-17.42
-16.07
-17.94
-13.61
-17.96
-18.62
-15.23
-16.25
-31.44
-26.30
-17.56
-19.84
-14.09
-25.04
-20.74
-14.87
-19.48
-17.32
-25.06
-10.18
-9.51
-10.68
-23.05
-12.93
-25.59
-10.48
-9.77
-14.83
-19.63
-15.51
-14.39
-22.17
-15.51
-18.20
-22.51
-12.98
-25.92
-15.43
-16.21
-29.14
-23.96
-17.21
-8.49
-10.90
-15.08
-14.39
-21.97
-16.47
-13.86
-11.37
-14.16
-17.98
-20.86
-16.35
-30.10
-20.90
-19.60
-11.99
-13.73
-11.69
-19.19
-19.97
-12.53
-23.08
-6.95
-22.54
-27.41
-28.17
-11.57
-14.67
-28.12
-20.57
-23.61
-19.84
-21.65
-24.20
-23.17
-18.89
-17.48
-8.96
-23.97
-13.47
-19.46
-10.14
-19.86
-19.57
-22.85
-28.03
-14.59
-10.59
-25.82
-16.67
-13.22
-21.78
-20.09
-16.72
-16.00
-18.64
-9.94
-10.99
-32.65
-18.31
-11.86
-15.68
-21.95
-14.55
-29.40
-26.72
-15.27
-18.47
-17.21
-14.62
-15.49
-10.66
-12.50
-19.66
-14.95
-18.13
-30.54
-20.27
-19.72
-13.62
-23.99
-16.19
-18.74
-20.65
-16.94
-18.61
-7.02
-22.85
-20.75
-32.09
-13.82
-13.78
-17.72
-22.59
-21.36
-18.30
-18.11
-13.44
-16.37
-13.42
-15.17
-16.36
-16.73
-16.06
-36.05
-9.27
-18.99
-22.74
-17.08
-20.43
-35.64
-18.45
-22.48
-7.77
-25.69
-21.04
-18.23
-12.23
-23.03
-18.56
-18.99
-18.50
-12.54
-25.00
-17.86
-15.89
-29.79
-15.37
-19.88
-11.38
-22.15
-14.48
-18.05
-11.85
-13.04
-23.67
-19.13
-20.75
-16.64
-18.91
-17.94
-25.34
-21.20
-19.89
-25.73
-19.01
-13.07
-15.76
-15.42
-22.73
-13.67
-21.22
-17.28
-19.64
-13.96
-22.21
-15.96
-20.19
-16.30
-25.23
-21.71
-24.49
-17.44
-13.96
-19.47
-15.31
-7.13
-17.36
-18.44
-21.41
-13.35
-23.49
-25.67
-16.08
-15.49
-21.44
-23.48
-19.56
-22.05
-21.41
-21.20
-16.97
-25.94
-23.13
-17.47
-25.04
-15.35
-24.05
-15.72
-15.78
-18.18
-19.79
-15.58
-19.66
-22.03
-25.32
-20.35
-28.46
-20.15
-19.17
-12.04
-22.95
-19.99
-16.93
-14.25
-16.54
-26.58
-24.10
-14.80
-20.99
-7.67
-17.73
-22.02
-20.11
-8.45
-19.18
-20.75
-12.21
-18.15
-16.52
-16.33
-26.20
-14.86
-13.45
-25.89
-22.72
-16.38
-19.60
-17.12
-20.77
-10.06
-31.39
-18.56
-24.36
-26.64
-23.53
-16.48
-18.92
-26.02
-19.55
-18.38
-15.86
-10.50
-13.18
-12.77
-14.30
-13.25
-30.62
-15.54
-12.59
-20.51
-19.11
-15.59
-16.39
-21.37
-22.75
-13.53
-20.47
-24.48
-5.46
-23.76
-18.18
-14.85
-22.29
-11.00
-6.17
-16.45
-11.97
-21.62
-24.64
-23.19
-13.62
-8.75
-21.60
-13.61
-29.17
-19.51
-17.64
-14.31
-18.82
-10.98
-24.40
-16.21
-14.79
-14.34
-20.19
-16.63
-17.05
-16.84
-11.00
-23.91
-16.94
-20.51
-16.14
-20.27
-18.99
-21.61
-25.32
-12.96
-20.98
-9.98
-19.37
-16.78
-16.05
-15.72
-26.73
-16.73
-19.93
-15.96
-13.73
-13.77
-15.73
-11.36
-18.94
-16.73
-17.24
-20.94
-17.07
-19.94
-20.01
-14.76
-17.84
-20.70
-15.92
-16.46
-13.52
-18.28
-26.23
-12.82
-19.82
-20.05
-10.24
-22.97
-20.21
-21.83
-23.16
-26.33
-19.13
-19.61
-20.33
-15.37
-25.74
-18.80
-13.05
-15.45
-19.58
-26.35
-14.00
-22.81
-22.05
-16.59
-13.20
-19.82
-11.96
-19.17
-16.76
-15.80
-18.12
-24.55
-18.14
-20.20
-19.35
-18.83
-18.83
-22.08
-24.80
-17.65
-19.68
-14.83
-13.78
-24.21
-15.74
-11.44
-13.93
-12.39
-18.23
-10.83
-22.62
-17.70
-20.27
-26.65
-20.52
-17.02
-20.22
-30.46
-14.05
-15.86
-14.73
-13.89
-26.14
-20.43
-17.26
-29.27
-27.20
-19.90
-19.89
-26.84
-21.19
-22.16
-18.57
-8.44
-17.39
-10.15
-17.63
-23.18
-31.71
-15.22
-16.06
-26.16
-14.53
-29.16
-13.23
-13.03
-8.60
-21.53
-33.23
-18.49
-15.05
-14.17
-17.40
-25.09
-16.17
-17.37
-14.41
-19.35
-15.33
-13.86
-22.84
-15.66
-19.35
-22.79
-25.92
-12.82
-9.97
-13.42
-10.29
-14.50
-13.37
-18.94
-20.29
-22.86
-14.37
-20.50
-16.30
-18.54
-13.66
-20.71
-16.60
-20.54
-13.30
-8.92
-7.09
-19.21
-23.26
-18.04
-23.06
-11.49
-19.02
-16.65
-24.55
-23.01
-21.74
-13.53
-15.71
-26.35
-15.20
-27.43
-24.17
-24.32
-16.96
-8.55
-31.11
-13.16
-20.72
-19.94
-18.39
-22.22
-17.05
-18.76
-18.88
-17.51
-23.92
-20.70
-17.48
-15.81
-18.97
-19.70
-22.07
-16.62
-18.69
-14.49
-16.50
-23.26
-18.29
-25.76
-24.07
-15.30
-16.03
-13.53
-20.50
-16.96
-23.55
-20.91
-14.61
-22.63
-16.81
-17.88
-23.91
-21.78
-23.29
-21.56
-14.81
-23.42
-16.17
-24.57
-19.51
-16.02
-16.92
-26.48
-20.01
-25.40
-19.01
-13.31
-14.60
-19.44
-20.14
-23.40
-24.41
-16.78
-14.17
-12.90
-13.69
-24.79
-20.66
-15.92
-22.23
-20.29
-20.77
-18.35
-14.00
-15.47
-28.41
-12.40
-20.51
-20.89
-18.37
-20.16
-12.18
-12.24
-7.83
-17.26
-29.55
-28.72
-20.01
-21.29
-15.14
-22.11
-22.69
-16.07
-22.75
-22.14
-12.72
-19.73
-18.06
-24.98
-15.45
-28.84
-16.30
-14.27
-15.06
-14.63
-23.34
-20.97
-15.27
-13.20
-18.35
-28.79
-14.87
-18.94
-24.84
-21.25
-19.33
-20.20
-11.06
-20.52
-21.83
-22.41
-17.28
-17.73
-16.09
-22.72
-11.40
-16.12
-18.22
-18.59
-20.72
-16.96
-20.10
-19.92
-16.50
-10.26
-19.31
-18.95
-19.31
-14.62
-17.22
-18.25
-21.50
-21.48
-12.79
-16.40
-20.42
-24.27
-11.68
-17.90
-22.76
-21.13
-22.46
-24.87
-14.30
-16.24
-14.28
-17.30
-18.23
-31.53
-14.42
-19.69
-21.09
-20.06
-20.27
-27.47
-18.63
-25.49
-13.54
-19.89
-18.12
-6.08
-19.44
-17.45
-24.26
-19.04
-14.29
-7.00
-16.01
-25.49
-14.04
-22.02
-20.03
-22.25
-21.85
-20.27
-19.90
-17.66
-10.51
-18.10
-29.21
-21.36
-17.44
-27.95
-19.15
-17.76
-17.47
-28.58
-13.58
-21.88
-18.85
-18.78
-18.04
-15.35
-19.71
-24.28
-25.99
-8.41
-17.98
-20.74
-23.24
-11.72
-15.02
-15.27
-10.92
-21.02
-43.64
-23.13
-15.42
-15.58
-12.17
-16.72
-19.64
-16.40
-21.41
-20.16
-18.57
-25.77
-15.34
-17.15
-16.22
-26.94
-23.81
-20.46
-17.38
-9.16
-18.67
-20.67
-15.55
-9.85
-19.75
-21.01
-17.24
-14.55
-30.32
-12.48
-15.23
-28.07
-18.23
-19.20
-16.67
-28.60
-19.34
-17.13
-31.86
-19.67
-23.55
-2.82
-12.90
-17.95
-18.73
-27.65
-16.75
-17.76
-17.83
-15.89
-23.62
-20.02
-18.27
-20.99
-21.90
-24.69
-11.80
-16.09
-10.45
-31.10
-10.92
-22.49
-13.26
-15.66
-25.40
-16.69
-8.87
-19.65
-19.89
-10.60
-19.62
-24.29
-14.25
-13.41
-14.97
-15.80
-15.93
-12.73
-21.02
-26.26
-17.41
-20.23
-21.51
-21.26
-15.90
-28.57
-29.19
-25.93
-21.75
-21.75
-16.43
-17.56
-22.10
-19.51
-22.55
-19.03
-19.57
-23.34
-16.33
-29.50
-14.66
-24.62
-18.75
-27.43
-14.85
-12.88
-24.59
-16.23
-20.33
-23.86
-25.12
-27.09
-21.95
-9.49
-12.00
-15.85
-14.47
-19.13
-17.93
-21.78
-22.20
-18.60
-13.99
-11.89
-20.28
-19.57
-19.49
-9.36
-11.45
-14.08
-23.96
-20.76
-14.28
-30.89
-23.56
-19.22
-22.30
-14.63
-14.39
-30.04
-22.69
-19.70
-24.94
-14.98
-35.62
-20.12
-24.10
-18.87
-12.53
-17.71
-17.42
-19.91
-17.15
-9.37
-18.89
-17.55
-19.68
-22.56
-11.33
-23.04
-23.66
-15.31
-14.27
-17.23
-19.51
-22.27
-11.18
-29.01
-18.99
-24.02
-16.69
-27.87
-24.56
-17.02
-11.87
-17.23
-24.16
-22.33
-15.50
-31.07
-29.08
-11.74
-15.30
-19.69
-34.27
-16.41
-14.53
-25.69
-24.47
-21.35
-12.73
-16.45
-16.61
-30.76
-23.89
-11.40
-14.07
-18.70
-19.64
-12.83
-14.35
-10.51
-17.28
-19.04
-25.04
-23.36
-15.97
-22.06
-18.97
-24.28
-20.74
-14.85
-12.69
-14.88
-34.23
-15.66
-19.37
-21.71
-11.14
-30.23
-12.67
-24.28
-27.83
-5.24
-13.93
-29.93
-16.10
-13.95
-20.28
-14.47
-19.44
-14.25
-17.25
-17.31
-14.38
-20.53
-21.32
-17.29
-21.84
-18.12
-18.29
-20.03
-21.63
-14.65
-13.96
-22.49
-24.58
-10.10
-23.12
-12.69
-22.47
-20.39
-12.33
-22.81
-18.80
-10.14
-13.56
-15.43
-20.12
-22.51
-17.63
-23.05
-13.53
-30.58
-10.26
-22.15
-19.77
-25.80
-11.93
-13.86
-23.51
-12.67
-13.97
-16.26
-13.47
-21.36
-23.03
-28.01
-16.85
-23.55
-27.74
-25.55
-12.79
-22.85
-20.17
-19.51
-28.60
-12.31
-17.34
-14.93
-22.44
-16.80
-17.59
-14.27
-14.73
-24.05
-21.23
-18.70
-16.09
-16.54
-15.98
-11.55
-24.20
-28.65
-16.22
-18.31
-18.53
-16.58
-18.88
-20.16
-19.79
-17.93
-25.09
-17.81
-31.27
-16.47
-11.57
-24.28
-14.34
-28.13
-13.30
-14.48
-21.08
-10.81
-20.69
-21.84
-27.19
-16.52
-16.77
-15.09
-18.90
-25.45
-22.32
-12.40
-16.30
-22.29
-17.13
-24.56
-19.70
-17.87
-15.60
-13.40
-20.68
-13.40
-25.15
-22.78
-28.78
-18.14
-15.62
-18.54
-7.78
-24.31
-17.86
-20.34
-12.19
-20.59
-23.27
-13.02
-21.29
-25.16
-15.84
-12.50
-20.57
-15.50
-11.12
-10.06
-14.55
-23.40
-9.15
-8.34
-31.43
-14.94
-19.78
-19.40
-13.11
-20.57
-27.58
-44.53
-18.54
-21.18
-17.69
-16.58
-14.09
-22.52
-16.15
-15.81
-32.47
-18.10
-20.08
-15.88
-17.24
-14.32
-23.94
-26.22
-17.18
-19.55
-22.89
-9.58
-22.96
-20.63
-16.18
-11.03
-17.27
-18.15
-14.39
-17.18
-17.20
-15.22
-18.59
-14.86
-11.58
-18.39
-20.27
-20.84
-12.94
-22.82
-20.05
-20.63
-29.07
-19.18
-16.01
-13.43
-19.53
-23.45
-16.12
-12.71
-22.00
-14.08
-25.86
-16.62
-19.75
-17.84
-20.24
-26.11
-23.78
-14.19
-21.06
-17.76
-12.20
-13.53
-22.64
-14.96
-18.47
-18.68
-14.30
-26.14
-32.67
-24.19
-20.94
-29.23
-17.44
-16.39
-20.43
-18.36
-23.54
-10.60
-24.24
-20.21
-15.87
-19.28
-18.51
-22.11
-19.06
-11.83
-10.68
-21.17
-16.36
-21.91
-18.10
-13.81
-17.58
-15.50
-17.42
-6.66
-14.46
-15.46
-21.33
-23.61
-19.65
-15.03
-18.69
-15.55
-13.89
-19.94
-22.34
-15.57
-28.01
-20.20
-20.13
-15.59
-19.54
-19.21
-24.63
-24.19
-23.91
-15.07
-18.48
-16.58
-17.43
-22.28
-13.26
-20.10
-13.74
-14.77
-22.39
-17.14
-25.49
-16.54
-22.44
-21.41
-29.86
-19.40
-21.53
-21.35
-29.60
-20.78
-18.98
-20.22
-28.27
-10.00
-22.55
-13.01
-23.90
-18.94
-16.70
-16.52
-17.48
-14.09
-14.06
-22.24
-17.48
-19.75
-16.31
-23.07
-26.72
-23.98
-15.29
-14.92
-15.29
-20.32
-19.44
-21.80
-9.92
-17.51
-20.17
-16.41
-23.44
-28.93
-17.67
-16.59
-9.81
-20.91
-21.30
-23.22
-10.23
-26.97
-19.41
-19.10
-20.34
-18.23
-15.39
-20.46
-15.70
-8.02
-19.31
-20.31
-12.45
-19.02
-21.54
-20.01
-24.33
-14.16
-6.03
-13.70
-15.13
-19.86
-9.78
-18.32
-17.39
-16.37
-12.24
-18.77
-18.30
-23.06
-21.05
-18.80
-16.31
-16.12
-22.11
-10.46
-10.89
-13.08
-15.54
-13.66
-21.65
-19.00
-27.60
-17.58
-17.97
-21.25
-24.92
-27.13
-17.11
-17.84
-18.49
-14.27
-17.21
-28.90
-16.57
-17.42
-26.37
-15.28
-26.46
-24.37
-16.32
-12.92
-22.59
-14.14
-21.70
-23.68
-18.01
-17.52
-10.33
-16.47
-15.77
-26.30
-13.23
-21.46
-19.62
-27.69
-15.11
-20.56
-16.24
-14.78
-20.32
-20.78
-26.61
-18.19
-26.81
-29.80
-22.97
-20.92
-15.18
-18.27
-27.74
-11.35
-20.61
-23.78
-18.97
-20.99
-10.43
-24.05
-21.78
-18.89
-17.94
-16.49
-16.85
-16.28
-11.85
-23.70
-24.41
-22.53
-20.44
-19.55
-14.88
-13.81
-22.37
-17.59
-20.34
-15.17
-21.03
-15.05
-15.05
-23.24
-16.43
-14.59
-24.30
-24.70
-21.06
-18.13
-15.41
-19.70
-18.78
-28.94
-21.98
-21.80
-14.15
-12.97
-18.69
-13.95
-5.67
-22.76
-7.83
-17.66
-19.26
-17.37
-30.01
-12.88
-24.69
-18.87
-8.53
-23.77
-18.69
-10.50
-16.49
-22.34
-20.65
-15.61
-20.29
-16.53
-22.26
-15.30
-13.45
-16.53
-31.05
-30.30
-15.51
-18.94
-13.90
-20.02
-18.30
-27.56
-18.21
-15.72
-16.61
-14.49
-41.89
-21.33
-19.56
-20.43
-18.64
-21.02
-19.45
-13.55
-21.04
-10.92
-21.42
-25.66
-36.66
-23.81
-15.28
-18.66
-21.24
-9.17
-17.04
-19.32
-16.68
-19.13
-15.87
-20.31
-21.17
-24.18
-31.14
-14.72
-19.85
-12.14
-22.87
-15.86
-24.62
-14.43
-25.08
-21.67
-25.75
-17.43
-14.67
-31.69
-15.95
-20.80
-16.00
-25.64
-15.73
-21.57
-13.67
-28.91
-17.69
-21.64
-17.81
-17.17
-17.06
-14.65
-26.54
-34.60
-15.92
-15.96
-18.11
-19.38
-25.10
-19.40
-22.36
-16.60
-23.06
-19.24
-22.03
-29.38
-25.58
-14.34
-11.03
-24.82
-15.72
-15.54
-22.29
-17.12
-21.95
-22.89
-19.16
-21.23
-20.55
-23.98
-25.11
-18.96
-14.35
-14.26
-16.76
-22.83
-18.05
-11.90
-21.54
-19.89
-26.12
-21.33
-14.18
-17.65
-14.94
-28.00
-7.76
-9.45
-25.16
-23.64
-36.64
-21.26
-16.41
-21.74
-20.33
-28.00
-21.84
-24.23
-15.53
-13.76
-9.93
-19.28
-22.93
-24.23
-18.61
-17.54
-14.51
-9.15
-25.89
-26.77
-16.16
-11.88
-11.95
-16.28
-25.62
-12.63
-22.27
-13.87
-22.10
-25.75
-10.02
-26.67
-16.16
-18.00
-18.95
-16.71
-32.29
-22.57
-14.10
-15.69
-18.94
-19.30
-16.15
-21.61
-18.61
-28.00
-17.41
-9.81
-17.49
-19.27
-14.08
-19.03
-24.00
-19.08
-23.34
-20.22
-22.12
-6.70
-23.05
-19.70
-15.96
-20.98
-14.09
-13.09
-18.35
-23.76
-25.88
-27.58
-21.35
-19.90
-14.11
-19.33
-18.04
-15.63
-16.40
-20.67
-19.37
-15.68
-11.38
-15.93
-14.11
-35.45
-29.04
-26.46
-24.80
-8.56
-19.55
-23.66
-11.29
-14.11
-18.22
-20.37
-24.15
-10.37
-15.75
-14.32
-23.33
-26.01
-20.15
-16.47
-30.67
-20.96
-10.92
-14.29
-16.87
-18.62
-20.05
-18.05
-17.76
-19.10
-15.60
-16.97
-26.37
-16.71
-19.11
-15.33
-19.46
-14.36
-25.78
-24.61
-14.45
-15.03
-19.66
-13.80
-23.81
-18.35
-9.97
-24.14
-19.70
-21.45
-19.37
-30.54
-24.23
-40.97
-17.21
-22.44
-13.78
-17.90
-26.07
-11.65
-13.75
-8.22
-16.34
-20.83
-13.77
-16.71
-13.77
-19.82
-16.14
-22.96
-10.72
-7.82
-28.72
-21.17
-19.20
-19.53
-15.01
-20.32
-25.23
-21.59
-17.30
-16.01
-21.08
-17.53
-11.76
-20.85
-14.75
-26.67
-14.66
-18.02
-15.77
-17.27
-16.91
-16.17
-16.69
-13.08
-17.02
-18.48
-23.79
-19.58
-25.97
-23.87
-16.96
-16.92
-15.93
-14.70
-26.79
-18.92
-16.01
-17.68
-18.38
-28.18
-16.77
-18.33
-20.90
-16.83
-13.07
-23.27
-15.43
-16.29
-23.19
-25.36
-13.78
-11.56
-15.11
-20.80
-21.47
-16.74
-20.91
-22.04
-27.42
-18.31
-13.71
-20.95
-17.68
-17.70
-23.63
-23.28
-25.00
-12.89
-33.43
-15.30
-15.72
-17.61
-10.20
-23.77
-15.80
-14.94
-11.28
-26.19
-12.77
-12.41
-16.59
-25.68
-17.76
-28.36
-15.09
-19.69
-16.98
-19.47
-8.19
-27.68
-8.18
-12.59
-27.70
-14.19
-23.14
-22.14
-24.88
-18.95
-16.66
-31.36
-20.12
-10.65
-17.34
-18.65
-19.49
-15.18
-16.75
-23.26
-18.58
-15.37
-15.32
-12.93
-13.14
-21.92
-18.77
-18.92
-17.27
-16.47
-15.84
-10.71
-8.42
-25.49
-14.51
-12.92
-14.78
-13.88
-21.07
-22.41
-23.82
-18.06
-21.60
-31.63
-14.75
-19.86
-14.77
-13.18
-16.22
-18.60
-22.41
-25.20
-15.19
-20.22
-19.37
-22.63
-19.84
-16.88
-18.93
-16.41
-26.98
-12.70
-20.57
-14.94
-22.35
-17.66
-18.19
-18.59
-24.92
-18.94
-16.46
-12.52
-7.03
-7.87
-25.55
-17.19
-18.18
-18.18
-9.94
-21.92
-16.63
-18.61
-9.91
-13.28
-14.09
-13.77
-14.22
-20.09
-11.30
-14.95
-12.58
-10.82
-17.46
-12.87
-22.37
-18.80
-16.89
-15.13
-12.42
-14.97
-11.85
-20.13
-11.76
-19.99
-21.55
-19.29
-20.02
-23.79
-15.93
-10.77
-23.53
-15.06
-11.09
-22.26
-12.69
-21.25
-14.64
-13.37
-17.81
-17.32
-18.27
-15.24
-25.75
-16.42
-18.06
-29.59
-14.35
-4.63
-17.39
-13.75
-23.02
-15.62
-32.04
-16.22
-22.71
-17.65
-10.77
-17.19
-20.78
-20.78
-21.13
-25.74
-18.04
-19.90
-24.27
-13.35
-7.52
-15.61
-13.11
-21.24
-8.75
-10.98
-19.06
-15.68
-22.89
-18.43
-19.77
-19.24
-17.83
-14.86
-13.47
-20.49
-17.86
-11.55
-22.30
-20.49
-27.31
-20.40
-14.87
-18.92
-7.07
-22.30
-24.43
-28.62
-18.89
-14.15
-20.34
-15.86
-12.26
-21.78
-12.15
-13.41
-20.28
-23.10
-21.60
-21.54
-21.33
-13.70
-20.99
-14.64
-28.36
-21.49
-19.71
-11.70
-21.38
-20.41
-20.78
-17.20
-7.13
-17.37
-18.95
-18.89
-12.92
-11.09
-11.76
-17.86
-15.46
-13.14
-16.26
-15.95
-18.07
-21.03
-12.82
-21.29
-16.27
-17.48
-18.29
-15.77
-20.84
-14.02
-10.31
-14.13
-21.03
-38.36
-32.93
-12.74
-20.04
-17.08
-17.80
-20.83
-18.16
-15.44
-26.13
-13.23
-23.18
-18.65
-11.65
-14.25
-12.46
-14.84
-21.42
-17.94
-22.09
-17.99
-24.78
-18.54
-19.67
-17.94
-26.72
-20.06
-17.26
-13.95
-22.14
-12.93
-13.13
-16.45
-16.94
-11.75
-21.79
-15.72
-24.34
-12.21
-18.48
-21.18
-13.27
-23.34
-14.46
-25.02
-21.23
-12.19
-12.39
-16.71
-17.85
-24.01
-18.55
-14.57
-15.12
-23.66
-11.44
-19.53
-17.85
-14.04
-19.38
-17.27
-13.05
-13.25
-15.72
-17.85
-17.57
-20.16
-17.89
-17.24
-24.92
-24.86
-19.41
-11.33
-21.24
-16.58
-14.36
-10.00
-23.06
-23.23
-13.24
-20.92
-21.41
-25.00
-20.49
-9.68
-14.30
-18.97
-13.24
-27.43
-22.58
-20.49
-16.46
-14.93
-15.03
-15.39
-14.48
-13.36
-14.52
-23.23
-11.04
-13.78
-17.01
-10.23
-18.94
-23.20
-19.16
-24.16
-17.37
-22.45
-19.63
-17.47
-19.11
-27.06
-18.75
-17.16
-10.83
-24.44
-24.26
-15.81
-12.65
-24.93
-19.89
-12.88
-19.94
-19.11
-15.58
-18.15
-21.28
-14.10
-19.89
-17.64
-13.26
-18.39
-21.47
-15.74
-14.36
-18.10
-17.70
-22.63
-23.68
-13.69
-14.85
-19.43
-25.99
-18.78
-17.40
-20.33
-18.78
-11.02
-24.95
-31.75
-11.75
-20.01
-11.74
-29.25
-24.59
-16.40
-12.09
-22.93
-13.21
-16.73
-17.41
-21.82
-13.26
-12.22
-23.80
-14.27
-21.98
-9.63
-11.19
-23.98
-14.72
-20.85
-22.49
-26.44
-17.84
-17.41
-19.36
-25.30
-10.76
-16.41
-20.00
-30.03
-19.66
-20.35
-18.93
-21.01
-11.81
-16.43
-9.97
-17.92
-19.74
-24.74
-28.29
-10.95
-26.94
-18.46
-25.17
-18.45
-17.02
-20.69
-20.12
-19.68
-16.92
-16.09
-26.26
-22.67
-14.72
-11.38
-16.46
-17.14
-24.48
-11.14
-15.31
-32.02
-17.94
-9.23
-12.65
-16.66
-22.79
-18.48
-21.26
-13.90
-16.99
-20.03
-20.23
-16.26
-22.41
-16.23
-20.73
-17.81
-17.91
-18.04
-16.89
-18.07
-22.56
-14.41
-29.48
-19.13
-17.85
-13.82
-22.26
-14.96
-14.24
-16.71
-21.61
-32.40
-15.16
-21.99
-16.07
-17.17
-30.86
-14.44
-11.55
-18.52
-23.79
-20.90
-21.00
-23.87
-18.80
-13.69
-24.32
-21.03
-12.56
-17.72
-19.29
-10.19
-21.00
-27.66
-23.10
-21.01
-21.35
-22.07
-18.08
-10.56
-11.70
-19.58
-16.62
-11.97
-19.20
-17.15
-17.94
-25.22
-15.81
-30.87
-14.56
-17.41
-25.16
-18.74
-18.55
-15.65
-20.58
-18.34
-12.33
-22.90
-17.25
-25.01
-19.63
-16.62
-7.71
-16.12
-22.57
-21.63
-18.18
-16.86
-22.94
-17.15
-25.28
-26.55
-7.93
-11.94
-14.38
-14.97
-20.56
-14.91
-18.93
-18.65
-10.98
-20.85
-28.32
-20.99
-16.33
-15.74
-21.23
-9.95
-17.49
-23.87
-34.06
-14.95
-17.91
-19.42
-14.70
-17.73
-17.83
-18.63
-15.33
-23.74
-9.22
-17.15
-23.37
-17.19
-35.02
-21.66
-21.27
-9.14
-17.60
-14.33
-20.25
-9.92
-18.92
-18.34
-16.88
-32.80
-24.84
-12.33
-24.77
-8.90
-17.60
-12.99
-22.39
-12.12
-17.77
-16.03
-17.13
-22.60
-18.15
-21.36
-19.36
-23.88
-14.62
-19.91
-19.94
-16.34
-21.36
-17.75
-13.33
-9.20
-26.67
-18.67
-21.63
-20.96
-16.18
-12.58
-15.20
-15.70
-21.95
-11.82
-14.51
-20.91
-25.59
-19.02
-17.97
-13.03
-35.82
-19.67
-13.73
-21.06
-18.50
-17.11
-11.99
-18.14
-13.32
-23.30
-20.23
-18.97
-23.33
-13.19
-24.18
-18.31
-17.44
-25.91
-13.77
-22.25
-18.79
-11.82
-13.21
-16.35
-20.67
-22.80
-18.80
-16.87
-15.43
-16.80
-19.70
-21.76
-11.54
-14.55
-17.91
-18.59
-17.50
-14.64
-7.11
-27.03
-17.95
-19.94
-27.79
-14.84
-17.46
-23.32
-17.78
-9.68
-15.20
-21.95
-18.07
-19.34
-21.41
-14.45
-13.66
-9.16
-24.22
-11.10
-18.95
-14.34
-24.58
-21.53
-27.45
-15.63
-23.81
-18.33
-9.98
-19.60
-23.43
-21.87
-10.95
-17.66
-22.08
-26.27
-10.37
-17.71
-19.34
-22.75
-19.68
-19.86
-23.19
-13.69
-9.68
-15.57
-28.00
-20.46
-22.19
-21.53
-14.39
-17.15
-19.54
-16.67
-16.47
-21.07
-15.68
-19.08
-13.57
-21.18
-18.52
-16.84
-24.43
-20.71
-20.00
-16.80
-14.44
-23.99
-23.84
-12.94
-15.57
-16.70
-19.31
-14.91
-10.80
-20.16
-11.06
-25.09
-13.42
-19.35
-12.93
-19.18
-19.52
-22.69
-24.48
-12.90
-15.73
-22.84
-11.18
-19.16
-14.84
-29.93
-13.70
-19.31
-14.78
-15.89
-17.78
-26.20
-13.26
-24.02
-12.10
-14.65
-21.95
-17.10
-16.73
-21.95
-21.29
-22.76
-18.67
-26.07
-17.81
-18.86
-31.43
-18.04
-23.45
-20.97
-22.09
-17.80
-22.76
-11.38
-19.05
-19.45
-18.67
-16.74
-18.03
-17.87
-15.53
-12.41
-17.65
-16.47
-17.91
-17.57
-14.70
-17.85
-19.12
-19.76
-21.39
-16.41
-20.80
-18.42
-22.01
-18.00
-15.47
-27.62
-17.25
-22.46
-15.58
-18.24
-29.33
-23.82
-26.25
-26.15
-24.42
-22.20
-16.51
-17.59
-21.79
-18.19
-19.28
-18.32
-22.78
-18.51
-19.08
-21.54
-18.00
-28.76
-32.41
-16.38
-17.40
-13.38
-12.05
-21.96
-21.23
-14.65
-31.65
-17.83
-14.05
-16.77
-10.93
-19.92
-17.52
-14.99
-17.77
-17.55
-13.33
-21.78
-9.71
-16.35
-13.82
-22.07
-20.75
-25.61
-16.14
-16.60
-19.67
-17.91
-24.08
-23.11
-20.09
-18.56
-16.62
-13.82
-28.44
-18.56
-14.84
-11.37
-20.24
-13.80
-25.07
-21.58
-25.43
-18.04
-18.17
-22.63
-22.13
-8.87
-12.10
-21.30
-14.33
-13.97
-11.68
-15.16
-19.62
-17.49
-21.84
-26.45
-15.77
-12.11
-21.11
-13.51
-12.04
-15.83
-21.15
-15.49
-16.40
-12.77
-23.72
-13.83
-17.75
-20.39
-26.75
-18.86
-23.13
-27.15
-17.87
-19.01
-22.23
-18.04
-12.05
-21.59
-23.31
-8.57
-38.34
-21.18
-12.95
-24.54
-24.81
-20.67
-16.26
-22.06
-21.64
-16.60
-23.71
-9.36
-19.64
-17.77
-14.74
-22.88
-27.09
-12.29
-18.34
-26.34
-19.11
-19.68
-17.49
-21.03
-12.44
-16.20
-24.93
-26.79
-16.48
-19.53
-22.63
-18.57
-24.58
-27.95
-14.76
-23.90
-21.07
-19.95
-12.94
-21.43
-18.24
-18.06
-26.34
-21.96
-26.19
-23.81
-20.88
-21.69
-28.89
-19.69
-22.87
-12.46
-17.26
-15.54
-17.34
-12.27
-28.70
-14.18
-23.12
-12.23
-20.79
-27.81
-7.26
-13.58
-18.78
-10.60
-18.91
-17.12
-9.85
-16.20
-21.91
-22.58
-18.82
-16.09
-12.81
-2.29
-19.06
-22.42
-20.45
-25.34
-16.48
-21.75
-15.30
-22.38
-17.40
-19.62
-11.46
-24.54
-21.69
-14.20
-8.54
-20.12
-15.97
-17.22
-13.89
-18.40
-20.20
-22.50
-20.97
-22.52
-24.63
-19.51
-16.55
-13.96
-14.72
-14.55
-22.90
-19.49
-13.18
-18.64
-11.71
-17.04
-17.51
-23.06
-12.78
-27.83
-14.24
-13.55
-21.36
-16.32
-17.71
-16.41
-18.58
-22.44
-19.18
-18.24
-18.49
-12.51
-25.19
-25.82
-19.61
-9.55
-22.51
-19.02
-23.11
-20.22
-38.04
-15.08
-17.17
-13.16
-3.60
-19.71
-10.06
-25.87
-19.12
-17.88
-18.43
-10.53
-17.60
-19.76
-12.24
-23.76
-19.35
-13.84
-14.43
-16.24
-17.82
-23.50
-9.13
-27.82
-15.81
-14.52
-15.11
-9.73
-22.20
-25.59
-19.20
-23.71
-28.80
-15.79
-10.30
-19.35
-19.60
-8.18
-19.89
-19.77
-8.92
-20.72
-16.19
-14.35
-20.77
-20.47
-19.17
-24.13
-21.90
-13.37
-22.56
-11.63
-25.58
-22.38
-16.58
-15.80
-17.82
-15.78
-24.24
-14.99
-26.75
-24.59
-25.40
-31.86
-26.26
-23.32
-16.39
-16.97
-16.85
-21.40
-17.49
-13.88
-25.05
-15.14
-16.82
-21.93
-12.04
-22.28
-12.12
-11.78
-20.32
-15.86
-18.18
-21.86
-13.31
-20.14
-26.02
-18.38
-23.20
-8.81
-19.34
-25.18
-11.51
-19.17
-9.42
-15.79
-16.64
-20.42
-26.25
-9.99
-11.04
-22.89
-23.54
-24.55
-16.26
-19.44
-15.44
-28.30
-20.38
-11.34
-22.54
-17.71
-21.59
-11.88
-5.39
-20.63
-18.86
-18.67
-18.38
-13.57
-18.75
-11.21
-25.60
-19.46
-15.26
-23.98
-16.00
-23.07
-24.95
-20.28
-16.64
-18.51
-13.32
-18.91
-23.59
-28.52
-23.01
-20.86
-18.98
-13.20
-19.74
-27.52
-19.30
-13.77
-16.03
-15.63
-17.97
-13.19
-15.77
-20.43
-21.66
-21.26
-22.95
-21.73
-20.53
-23.39
-20.25
-22.42
-17.53
-18.47
-15.71
-16.92
-15.89
-12.73
-16.73
-15.15
-19.69
-16.99
-31.50
-17.00
-16.10
-22.15
-19.50
-15.87
-11.17
-27.27
-19.79
-23.01
-17.00
-9.91
-16.76
-11.92
-13.66
-12.73
-15.92
-18.56
-25.77
-13.50
-14.53
-23.49
-16.02
-15.52
-24.53
-24.07
-17.64
-15.61
-22.25
-10.56
-18.25
-11.44
-11.28
-15.36
-13.28
-25.80
-15.87
-21.52
-21.39
-13.38
-22.27
-17.49
-16.66
-16.71
-14.66
-5.34
-18.86
-13.02
-30.05
-21.49
-20.27
-16.32
-12.10
-29.85
-15.45
-17.73
-18.84
-12.88
-4.88
-20.77
-17.27
-14.67
-19.03
-13.69
-19.89
-17.66
-16.36
-14.91
-16.43
-20.78
-14.26
-17.36
-22.61
-13.80
-15.43
-23.77
-24.66
-11.93
-13.53
-18.43
-14.22
-20.12
-21.33
-19.97
-18.29
-17.69
-31.07
-18.42
-17.83
-14.86
-16.03
-21.65
-17.84
-16.81
-20.37
-17.54
-11.38
-15.61
-11.52
-15.69
-23.79
-14.05
-18.52
-17.11
-18.25
-18.57
-17.28
-15.05
-17.95
-13.75
-13.56
-10.43
-21.33
-26.67
-25.18
-16.77
-15.56
-27.96
-18.59
-17.41
-14.29
-20.47
-20.90
-7.38
-24.22
-19.49
-21.80
-12.64
-16.64
-32.34
-21.53
-14.86
-10.55
-14.89
-19.55
-14.29
-18.86
-15.42
-21.16
-21.99
-22.08
-14.29
-12.48
-23.54
-17.60
-15.89
-7.90
-19.47
-18.08
-19.89
-18.08
-23.89
-14.51
-17.40
-24.89
-10.33
-10.93
-23.96
-13.43
-17.48
-15.19
-18.81
-26.23
-13.34
-19.36
-21.82
-27.59
-24.49
-20.57
-20.64
-18.67
-10.53
-14.26
-20.18
-17.15
-22.38
-14.38
-11.09
-19.50
-12.09
-18.51
-15.40
-17.55
-13.64
-24.21
-27.41
-16.79
-25.01
-18.11
-17.69
-19.50
-16.96
-16.37
-15.73
-20.61
-18.70
-12.15
-24.20
-10.11
-15.32
-22.45
-17.82
-8.98
-21.21
-25.91
-11.52
-13.49
-15.02
-13.45
-10.77
-19.62
-16.30
-14.02
-13.52
-22.73
-18.75
-6.30
-19.01
-28.17
-22.65
-10.90
-16.67
-16.70
-18.53
-15.73
-10.63
-17.24
-18.39
-18.53
-19.80
-17.81
-20.71
-20.14
-9.89
-20.79
-17.89
-20.84
-12.48
-19.48
-23.55
-16.83
-17.24
-12.90
-20.35
-19.69
-18.51
-26.82
-35.62
-16.63
-17.16
-21.71
-18.40
-18.68
-26.01
-24.75
-18.37
-23.67
-16.93
-18.45
-14.90
-21.21
-27.16
-26.62
-18.56
-23.66
-25.93
-17.98
-19.09
-24.67
-14.51
-19.06
-11.15
-21.58
-18.42
-19.48
-16.14
-23.17
-21.03
-21.64
-29.31
-26.25
-22.51
-20.10
-16.48
-12.67
-18.08
-21.25
-16.85
-16.88
-20.40
-24.85
-10.48
-18.89
-17.12
-18.51
-14.27
-14.80
-21.14
-20.62
-19.76
-16.99
-20.78
-21.33
-13.16
-21.45
-31.19
-16.84
-25.49
-21.27
-19.25
-22.44
-24.52
-24.44
-21.60
-23.04
-34.10
-21.10
-9.81
-13.73
-18.08
-16.59
-18.89
-14.11
-15.14
-21.50
-21.70
-15.89
-11.80
-15.05
-13.46
-16.99
-18.82
-16.86
-16.51
-30.60
-19.35
-20.33
-25.49
-24.15
-18.09
-14.59
-18.65
-19.96
-17.26
-19.77
-11.33
-17.79
-27.51
-13.32
-15.58
-16.22
-26.40
-21.17
-17.69
-19.89
-12.52
-20.29
-26.49
-18.93
-20.78
-22.19
-21.14
-22.35
-28.70
-14.93
-9.04
-12.07
-13.82
-18.52
-20.68
-19.87
-29.23
-19.34
-19.70
-20.98
-6.29
-14.22
-7.70
-16.92
-12.98
-17.03
-27.54
-20.45
-15.24
-14.17
-16.68
-22.39
-9.71
-14.24
-16.19
-30.52
-23.20
-18.70
-20.05
-27.73
-20.75
-20.19
-21.10
-10.34
-17.57
-16.18
-16.30
-21.62
-21.22
-13.89
-17.29
-27.30
-22.77
-19.43
-26.53
-19.63
-16.03
-17.77
-14.13
-14.61
-11.38
-16.77
-14.35
-14.04
-24.68
-19.39
-22.45
-14.55
-14.61
-14.98
-17.89
-18.69
-12.08
-25.70
-24.17
-18.02
-15.80
-17.69
-11.33
-14.92
-16.70
-12.12
-13.37
-32.18
-11.44
-17.43
-19.51
-17.75
-16.27
-13.67
-24.86
-11.57
-10.29
-18.15
-16.91
-27.89
-17.81
-12.13
-15.08
-22.97
-15.25
-18.97
-16.19
-22.46
-24.34
-17.24
-24.64
-25.23
-11.80
-19.35
-18.56
-16.30
-16.56
-21.14
-13.74
-21.82
-29.40
-23.92
-13.36
-12.43
-22.87
-15.23
-14.62
-12.82
-13.69
-20.71
-26.93
-25.57
-18.82
-15.53
-18.47
-23.66
-16.66
-18.72
-22.83
-10.62
-27.07
-17.18
-16.09
-13.87
-19.31
-29.24
-12.82
-22.73
-15.45
-18.02
-23.60
-16.79
-8.62
-16.02
-21.83
-12.42
-13.39
-16.79
-20.44
-19.77
-17.73
-24.84
-24.97
-28.37
-16.46
-18.80
-17.11
-22.98
-26.20
-17.57
-19.84
-27.16
-14.89
-4.47
-13.53
-17.40
-21.21
-14.48
-16.10
-16.44
-19.33
-16.82
-21.75
-31.50
-11.88
-15.75
-18.39
-22.77
-12.62
-23.72
-23.53
-18.55
-16.77
-31.35
-13.74
-25.49
-26.74
-15.56
-15.87
-15.80
-19.62
-16.99
-13.28
-14.06
-4.13
-17.03
-16.10
-10.74
-18.83
-21.56
-27.06
-15.20
-18.05
-16.08
-21.61
-21.65
-20.90
-14.26
-22.94
-19.75
-19.60
-28.10
-16.23
-14.32
-19.19
-36.18
-22.32
-16.67
-18.43
-18.20
-16.81
-19.83
-14.49
-16.65
-10.01
-20.30
-14.82
-10.84
-6.55
-11.87
-15.05
-17.26
-13.39
-14.75
-17.91
-15.60
-11.25
-19.11
-14.49
-17.77
-14.47
-12.35
-16.91
-11.92
-23.35
-24.95
-19.83
-18.91
-22.19
-21.78
-11.53
-16.77
-17.90
-14.22
-26.30
-15.34
-20.54
-21.54
-13.50
-18.65
-18.19
-30.34
-18.00
-24.23
-21.27
-24.57
-16.50
-12.51
-18.56
-24.21
-16.35
-20.21
-26.76
-17.55
-13.84
-14.03
-18.76
-18.14
-13.15
-20.33
-14.60
-19.63
-11.03
-18.71
-17.07
-21.47
-12.57
-17.04
-29.54
-12.03
-21.37
-20.58
-16.63
-19.16
-22.70
-16.31
-24.67
-15.08
-7.71
-23.42
-21.44
-10.89
-15.13
-21.97
-10.56
-18.42
-15.52
-27.86
-19.82
-17.06
-23.92
-18.19
-13.41
-15.63
-14.09
-19.08
-10.05
-24.78
-25.46
-25.19
-26.75
-23.79
-18.64
-15.28
-12.31
-12.55
-10.89
-13.25
-20.94
-17.00
-15.23
-16.40
-22.98
-13.06
-10.81
-16.04
-22.69
-35.96
-22.70
-16.79
-26.20
-24.23
-28.75
-14.18
-21.83
-7.98
-16.05
-21.24
-13.63
-13.11
-16.77
-28.18
-22.43
-15.57
-15.33
-16.98
-18.49
-16.03
-8.63
-19.94
-20.31
-21.51
-20.92
-15.68
-10.95
-28.15
-17.48
-17.72
-15.89
-19.59
-17.64
-13.62
-24.15
-12.61
-24.56
-20.38
-31.04
-21.03
-11.18
-8.85
-20.13
-13.12
-16.53
-20.64
-13.60
-20.14
-9.99
-7.66
-22.82
-30.48
-19.52
-14.88
-13.79
-21.25
-19.31
-15.74
-14.85
-19.74
-13.42
-15.64
-18.22
-22.53
-30.43
-11.26
-19.65
-21.27
-10.15
-20.92
-30.97
-20.32
-20.94
-7.58
-18.34
-21.11
-17.30
-13.91
-30.53
-22.80
-26.34
-17.76
-28.39
-12.69
-28.61
-24.07
-15.07
-9.27
-23.11
-14.70
-25.00
-11.21
-23.67
-23.79
-18.73
-16.07
-21.49
-25.81
-11.62
-18.25
-27.04
-21.12
-17.86
-19.81
-19.85
-19.30
-11.88
-27.00
-11.01
-14.33
-21.65
-23.52
-21.20
-34.05
-20.78
-22.12
-21.46
-19.12
-8.65
-19.30
-15.94
-22.43
-13.89
-23.48
-12.99
-21.50
-25.76
-19.17
-26.37
-18.09
-18.02
-24.47
-19.67
-21.59
-22.73
-16.53
-12.77
-16.24
-23.15
-16.58
-14.80
-18.99
-14.61
-26.95
-21.09
-20.51
-16.20
-14.27
-15.90
-17.25
-20.76
-24.92
-24.51
-20.83
-18.10
-21.90
-15.22
-20.37
-13.65
-16.21
-21.90
-23.52
-12.24
-20.88
-16.43
-9.89
-11.99
-21.79
-7.02
-18.21
-14.73
-21.87
-16.24
-17.62
-21.68
-12.36
-16.93
-23.06
-24.21
-22.46
-20.39
-23.37
-22.74
-22.11
-13.16
-7.20
-21.61
-18.68
-23.09
-24.88
-21.12
-20.77
-18.87
-22.27
-17.62
-11.66
-26.83
-21.03
-28.87
-30.45
-23.37
-21.80
-14.21
-22.08
-11.13
-14.28
-12.56
-10.88
-22.16
-20.90
-15.79
-14.60
-14.05
-11.87
-21.04
-8.82
-22.09
-6.98
-12.51
-13.47
-17.23
-16.71
-18.52
-12.44
-15.59
-23.97
-11.43
-20.37
-12.38
-16.75
-12.87
-12.98
-20.43
-27.06
-21.78
-17.06
-13.22
-17.84
-15.92
-22.30
-9.50
-20.22
-24.84
-14.99
-17.08
-17.88
-19.33
-22.50
-22.99
-21.62
-17.96
-16.18
-14.62
-16.54
-14.55
-25.73
-19.56
-16.65
-17.25
-23.01
-12.32
-15.53
-14.09
-10.01
-26.47
-19.49
-18.07
-22.15
-19.18
-9.00
-20.63
-12.23
-15.57
-21.65
-15.11
-18.47
-15.19
-14.43
-26.60
-33.70
-17.67
-23.62
-15.84
-17.52
-20.70
-21.70
-18.36
-17.93
-22.58
-19.22
-20.18
-14.73
-16.07
-11.58
-18.05
-18.78
-21.32
-15.55
-20.45
-17.99
-15.84
-20.85
-11.55
-24.99
-19.76
-32.50
-20.93
-6.13
-23.65
-17.00
-22.47
-12.59
-25.58
-21.69
-18.30
-25.39
-17.26
-23.32
-16.18
-13.20
-22.90
-26.29
-8.93
-20.68
-18.68
-23.90
-19.05
-9.48
-16.75
-12.45
-12.89
-18.36
-21.55
-16.39
-18.07
-14.36
-7.97
-15.13
-20.05
-19.60
-14.09
-6.65
-14.29
-17.74
-19.00
-19.15
-12.02
-25.18
-14.01
-13.84
-18.49
-15.21
-13.85
-10.81
-27.27
-18.32
-23.90
-18.39
-9.86
-19.37
-7.60
-14.22
-14.75
-23.77
-26.51
-18.51
-17.59
-16.97
-24.41
-18.29
-25.36
-19.39
-15.42
-10.27
-19.61
-18.99
-13.84
-17.40
-19.65
-18.35
-9.88
-12.48
-16.91
-24.69
-38.44
-14.42
-19.70
-22.14
-15.57
-10.41
-12.22
-10.63
-18.83
-13.18
-12.41
-15.32
-19.33
-25.65
-24.45
-15.58
-30.77
-18.49
-35.99
-10.43
-23.16
-14.83
-22.93
-19.90
-14.39
-25.97
-15.99
-20.77
-29.38
-23.98
-10.76
-19.27
-12.52
-15.92
-20.57
-13.29
-16.30
-19.42
-13.97
-12.48
-13.38
-10.43
-19.93
-21.98
-12.76
-14.83
-14.65
-20.08
-18.67
-20.19
-14.07
-27.28
-23.09
-18.74
-16.12
-16.05
-15.99
-18.48
-16.07
-17.54
-16.90
-19.99
-22.94
-17.89
-22.64
-15.85
-19.51
-24.91
-27.55
-13.70
-10.25
-10.11
-17.61
-19.68
-22.28
-17.34
-31.13
-18.11
-18.14
-16.17
-21.55
-15.59
-24.36
-15.51
-13.93
-29.74
-16.15
-24.61
-13.51
-8.29
-20.67
-13.68
-23.31
-22.95
-13.13
-17.19
-22.23
-11.64
-14.21
-11.78
-26.28
-22.19
-18.07
-20.60
-16.44
-16.73
-13.73
-32.60
-19.44
-16.65
-15.79
-13.70
-11.98
-9.14
-18.62
-17.76
-11.00
-13.20
-13.33
-14.40
-17.66
-18.00
-7.65
-21.42
-23.25
-10.97
-13.48
-22.85
-28.37
-20.25
-27.62
-21.19
-14.61
-13.66
-21.63
-22.60
-14.84
-25.94
-14.04
-18.13
-21.42
-14.02
-23.79
-28.09
-18.61
-23.92
-15.42
-18.13
-7.69
-13.21
-8.45
-26.53
-19.46
-12.68
-13.84
-15.42
-19.22
-11.69
-21.31
-19.35
-20.25
-21.09
-14.27
-16.61
-18.26
-15.31
-13.70
-16.70
-17.33
-5.51
-14.45
-20.74
-12.83
-21.95
-17.05
-14.93
-16.41
-17.51
-20.63
-16.17
-11.29
-25.90
-14.52
-21.48
-20.42
-17.95
-20.94
-11.36
-34.65
-11.00
-22.71
-23.81
-26.44
-23.38
-17.04
-7.24
-20.19
-23.64
-17.01
-31.23
-17.30
-14.16
-23.47
-22.03
-14.01
-12.16
-14.73
-25.01
-16.32
-21.96
-15.99
-16.52
-12.61
-18.97
-19.74
-8.33
-19.10
-14.54
-25.69
-9.36
-14.96
-22.45
-15.26
-16.39
-12.41
-18.52
-18.00
-15.06
-16.06
-22.11
-8.56
-24.62
-13.84
-24.62
-18.16
-9.89
-15.79
-16.32
-6.81
-17.63
-22.77
-15.88
-20.88
-14.57
-20.69
-21.75
-20.15
-14.62
-19.81
-17.88
-23.08
-33.23
-26.68
-15.20
-21.45
-13.04
-18.74
-22.27
-13.64
-22.19
-19.66
-16.80
-16.03
-18.18
-22.21
-13.28
-24.75
-15.73
-18.59
-22.48
-16.37
-23.87
-19.65
-25.06
-15.27
-17.75
-12.97
-21.36
-18.56
-25.91
-15.16
-19.86
-12.87
-23.70
-16.70
-17.78
-20.98
-23.36
-17.46
-9.43
-28.37
-12.70
-16.83
-16.17
-18.64
-12.92
-27.74
-19.09
-13.76
-17.88
-11.79
-14.05
-19.86
-17.32
-22.43
-18.71
-21.67
-15.90
-13.76
-14.00
-18.02
-18.19
-17.33
-15.23
-24.07
-20.44
-17.02
-20.60
-7.31
-12.65
-28.47
-19.43
-19.95
-20.66
-14.25
-22.10
-16.05
-15.34
-11.61
-25.07
-25.36
-16.37
-15.05
-19.55
-21.99
-16.65
-20.65
-21.20
-15.14
-19.24
-22.02
-17.90
-12.15
-17.84
-16.28
-12.41
-21.67
-16.73
-14.72
-13.30
-20.77
-18.00
-20.61
-30.86
-14.97
-13.25
-15.48
-19.56
-13.29
-18.48
-21.89
-21.95
-20.44
-17.28
-17.07
-11.06
-14.30
-18.63
-14.71
-14.82
-17.79
-16.34
-23.71
-22.01
-24.36
-24.75
-18.72
-20.88
-16.00
-20.27
-21.39
-9.94
-19.09
-17.45
-13.39
-17.79
-18.99
-16.56
-21.33
-21.99
-16.96
-17.47
-19.68
-9.36
-20.04
-17.77
-30.59
-19.04
-22.41
-27.51
-35.31
-21.76
-22.83
-14.80
-18.58
-19.28
-15.48
-21.36
-22.26
-16.87
-11.56
-16.55
-19.12
-18.09
-18.64
-19.59
-12.82
-21.32
-19.53
-19.42
-24.09
-17.09
-6.27
-16.22
-10.07
-13.42
-16.20
-16.49
-20.20
-24.68
-30.98
-22.79
-14.21
-12.02
-20.37
-16.39
-19.15
-16.32
-21.90
-24.44
-19.62
-18.20
-21.55
-11.60
-21.94
-12.88
-15.02
-7.92
-16.77
-20.69
-14.53
-16.74
-15.94
-17.54
-18.40
-11.81
-19.98
-13.37
-10.79
-20.83
-17.68
-15.50
-13.58
-14.27
-11.13
-15.56
-13.92
-12.09
-14.75
-21.91
-21.95
-17.25
-12.52
-16.06
-8.17
-27.95
-12.52
-15.29
-16.27
-18.83
-20.69
-14.52
-20.22
-15.54
-17.15
-23.85
-17.03
-14.21
-13.65
-10.96
-17.11
-15.94
-24.03
-14.15
-9.49
-18.29
-21.47
-13.14
-20.33
-13.62
-15.53
-24.58
-9.11
-14.44
-14.34
-17.22
-21.94
-12.57
-20.06
-21.74
-16.04
-15.67
-22.11
-15.75
-23.39
-14.04
-18.64
-18.51
-18.39
-16.87
-22.17
-12.25
-17.48
-28.13
-23.47
-13.70
-18.64
-17.90
-15.45
-21.84
-10.27
-21.63
-12.84
-17.53
-21.64
-15.06
-12.43
-19.45
-23.05
-13.72
-14.17
-15.04
-29.77
-13.73
-23.49
-22.11
-16.38
-25.36
-15.92
-18.90
-24.64
-20.28
-11.63
-15.17
-25.28
-17.88
-14.75
-19.34
-18.85
-22.34
-30.21
-14.41
-29.36
-17.34
-22.39
-12.33
-16.82
-21.50
-11.45
-13.50
-24.11
-20.23
-16.29
-19.20
-13.63
-13.42
-19.58
-11.96
-17.43
-13.98
-22.91
-20.72
-16.30
-27.46
-18.58
-14.73
-16.44
-12.31
-18.28
-30.13
-11.48
-21.27
-15.51
-14.07
-16.50
-8.99
-20.66
-23.37
-30.68
-21.27
-20.59
-20.79
-19.43
-22.13
-22.50
-19.78
-13.62
-21.53
-23.25
-11.91
-11.01
-16.44
-23.08
-17.14
-19.68
-22.82
-20.54
-11.33
-21.72
-21.91
-20.66
-10.64
-19.73
-16.86
-16.87
-17.23
-13.31
-20.24
-16.49
-19.31
-16.02
-27.51
-14.92
-6.21
-10.81
-35.64
-22.84
-18.26
-14.42
-23.00
-7.00
-24.20
-18.64
-19.58
-14.44
-15.99
-22.33
-16.79
-12.60
-13.15
-12.36
-13.53
-23.53
-11.34
-17.06
-17.29
-21.43
-16.90
-17.29
-15.07
-12.96
-24.15
-19.99
-19.22
-14.12
-30.12
-26.31
-13.52
-17.33
-26.97
-22.32
-16.02
-17.53
-17.12
-13.02
-21.12
-15.65
-20.21
-19.58
-15.37
-10.53
-16.77
-16.18
-18.70
-11.21
-17.70
-20.69
-9.15
-21.98
-17.56
-19.00
-21.84
-22.36
-20.52
-10.83
-13.00
-25.80
-21.54
-16.19
-13.75
-25.19
-19.33
-14.69
-22.13
-16.90
-22.35
-23.22
-15.01
-23.42
-18.38
-14.19
-20.91
-16.75
-11.31
-15.15
-25.73
-6.48
-18.91
-11.28
-22.94
-24.32
-20.52
-19.40
-15.86
-25.11
-21.27
-22.40
-22.99
-20.27
-19.41
-16.39
-12.42
-28.74
-17.76
-32.92
-22.77
-22.43
-13.75
-24.18
-24.66
-16.76
-15.23
-12.56
-24.01
-12.66
-29.95
-19.67
-21.24
-16.83
-21.79
-22.97
-22.08
-17.97
-16.06
-17.67
-10.88
-13.68
-14.74
-26.82
-23.98
-8.64
-17.04
-11.74
-21.47
-21.56
-19.02
-14.18
-27.83
-15.58
-6.20
-20.48
-22.84
-12.90
-19.14
-4.08
-25.38
-17.33
-32.20
-23.54
-24.56
-8.67
-20.89
-21.26
-20.98
-22.46
-13.63
-14.59
-21.79
-19.48
-19.02
-20.61
-20.30
-13.38
-23.59
-9.04
-14.71
-8.93
-21.69
-16.75
-25.45
-14.52
-15.25
-16.63
-14.17
-18.68
-28.09
-15.77
-18.28
-17.16
-22.99
-15.83
-14.41
-16.18
-12.32
-18.55
-16.53
-14.27
-15.91
-16.64
-22.03
-25.24
-14.70
-14.26
-26.53
-14.27
-14.26
-14.39
-12.44
-15.96
-11.96
-10.21
-14.62
-18.09
-18.82
-22.74
-17.84
-43.16
-23.31
-10.45
-14.79
-24.49
-23.90
-10.92
-17.30
-17.58
-18.61
-14.01
-14.35
-14.08
-11.89
-27.04
-20.16
-14.66
-20.18
-16.32
-16.41
-21.58
-34.21
-17.21
-19.34
-19.18
-6.83
-16.93
-14.20
-18.29
-15.86
-10.22
-23.27
-19.04
-19.19
-27.74
-17.22
-22.04
-13.64
-23.11
-23.72
-22.29
-12.71
-16.82
-17.27
-20.42
-12.43
-16.29
-22.60
-25.70
-18.73
-15.55
-16.38
-14.75
-20.62
-13.88
-18.04
-16.41
-18.49
-12.29
-15.08
-14.64
-18.83
-34.15
-29.60
-12.91
-34.93
-21.25
-15.05
-26.60
-19.12
-11.71
-18.18
-19.18
-14.56
-24.93
-25.55
-14.43
-15.11
-21.26
-24.33
-24.44
-24.49
-18.20
-18.57
-18.50
-12.94
-22.21
-22.94
-20.86
-21.32
-13.25
-14.47
-23.64
-20.08
-12.12
-13.06
-19.06
-15.92
-16.75
-11.52
-28.44
-26.42
-12.47
-12.48
-10.09
-15.95
-25.64
-13.34
-13.24
-25.97
-14.51
-18.06
-22.82
-9.74
-30.63
-13.06
-17.00
-11.12
-22.59
-20.07
-17.77
-20.80
-17.15
-20.46
-11.47
-30.18
-18.53
-12.07
-14.07
-26.36
-15.16
-12.15
-19.08
-15.49
-11.07
-14.93
-15.82
-22.47
-20.60
-21.84
-14.17
-25.21
-15.91
-17.07
-19.61
-24.72
-14.59
-18.60
-21.21
-19.53
-18.52
-11.11
-24.97
-14.93
-23.25
-17.89
-21.82
-23.78
-17.59
-13.15
-14.43
-11.09
-16.06
-11.18
-15.73
-19.89
-17.92
-15.71
-17.19
-19.88
-26.45
-10.52
-20.79
-23.66
-25.32
-15.70
-17.22
-23.66
-23.16
-17.58
-21.45
-14.39
-17.54
-13.58
-19.10
-10.54
-13.87
-23.40
-19.91
-12.71
-19.66
-13.66
-24.96
-24.27
-14.43
-18.53
-18.84
-17.51
-25.99
-12.90
-10.56
-19.16
-19.78
-19.05
-27.87
-17.77
-16.30
-16.99
-12.48
-17.35
-18.72
-10.69
-23.26
-11.73
-9.67
-9.34
-15.11
-19.42
-25.70
-22.09
-13.73
-14.97
-10.04
-17.29
-4.93
-15.19
-22.15
-28.05
-18.85
-14.52
-19.94
-24.00
-17.52
-18.94
-24.85
-8.40
-18.39
-15.36
-18.51
-18.45
-11.19
-7.76
-22.91
-10.16
-22.23
-16.03
-19.49
-10.48
-21.71
-11.69
-17.72
-21.89
-24.11
-25.62
-18.41
-19.28
-23.48
-30.32
-19.37
-22.02
-22.03
-28.31
-22.59
-19.14
-13.54
-17.69
-22.54
-15.03
-24.71
-19.32
-9.73
-13.07
-19.96
-19.13
-10.51
-13.59
-17.24
-14.72
-15.64
-16.89
-19.07
-21.22
-19.70
-15.91
-16.27
-15.55
-20.29
-18.09
-24.51
-21.42
-27.69
-18.51
-16.79
-18.95
-17.91
-21.71
-14.13
-14.97
-9.79
-10.17
-11.48
-14.87
-16.67
-8.44
-24.04
-20.05
-28.06
-19.17
-11.19
-20.75
-23.06
-20.63
-11.14
-15.38
-19.61
-15.15
-16.75
-19.07
-6.17
-16.56
-16.64
-20.83
-21.31
-17.10
-18.50
-21.02
-17.50
-14.03
-15.23
-13.90
-18.36
-22.84
-21.08
-15.56
-22.06
-16.22
-19.56
-35.95
-5.40
-12.07
-18.56
-11.13
-17.77
-14.44
-14.03
-20.59
-14.23
-17.18
-23.53
-15.14
-19.34
-27.91
-10.74
-18.93
-15.14
-30.29
-14.08
-13.05
-18.65
-25.02
-18.08
-10.67
-18.78
-20.57
-15.04
-15.57
-18.64
-17.44
-15.03
-21.01
-16.67
-28.16
-18.18
-16.22
-14.12
-20.97
-16.94
-14.63
-12.88
-34.80
-15.91
-20.07
-14.12
-9.66
-15.39
-18.49
-19.46
-31.32
-18.59
-12.23
-21.21
-14.07
-21.87
-26.79
-23.73
-17.92
-13.07
-15.31
-16.43
-18.04
-21.16
-11.76
-24.48
-18.96
-17.93
-10.83
-13.81
-17.33
-7.37
-17.64
-17.97
-16.51
-23.51
-12.24
-26.16
-29.58
-13.92
-17.27
-15.43
-19.92
-13.35
-18.62
-15.59
-20.54
-21.10
-23.87
-18.61
-13.37
-11.00
-20.91
-11.38
-20.53
-14.02
-16.61
-25.15
-22.00
-20.48
-13.06
-15.57
-17.95
-18.83
-25.14
-16.76
-13.31
-12.02
-27.43
-18.62
-20.58
-17.69
-20.05
-14.20
-24.70
-13.60
-23.71
-19.43
-21.23
-18.72
-18.82
-13.18
-16.87
-22.30
-20.37
-12.26
-20.54
-16.21
-18.02
-14.44
-15.18
-18.41
-15.69
-20.87
-18.16
-15.92
-14.05
-13.85
-29.16
-15.73
-15.43
-4.75
-18.92
-20.50
-8.58
-21.23
-21.82
-27.47
-25.41
-16.18
-22.86
-17.37
-14.00
-25.33
-31.67
-15.86
-17.80
-28.50
-20.52
-17.94
-24.83
-17.31
-22.42
-13.95
-16.82
-13.37
-15.18
-21.29
-18.41
-8.82
-25.85
-7.45
-14.71
-22.35
-25.77
-17.58
-17.24
-11.96
-20.75
-18.26
-19.74
-17.07
-19.63
-20.67
-16.12
-24.63
-19.25
-9.97
-18.27
-13.20
-19.89
-11.68
-17.66
-15.71
-29.61
-19.42
-11.19
-15.50
-14.89
-17.13
-19.30
-20.49
-27.60
-14.95
-10.48
-8.95
-9.19
-16.38
-15.06
-17.03
-11.40
-16.47
-25.52
-19.44
-12.10
-25.15
-22.31
-20.62
-20.53
-22.10
-18.12
-21.20
-11.31
-28.26
-18.74
-22.75
-12.82
-24.89
-21.74
-11.21
-29.35
-15.58
-17.67
-18.47
-25.69
-19.07
-18.31
-10.33
-22.33
-17.35
-19.49
-23.97
-32.06
-16.64
-9.52
-14.46
-3.92
-20.95
-17.83
-16.68
-8.76
-17.09
-10.55
-14.32
-21.43
-14.33
-13.91
-19.53
-12.59
-14.56
-26.07
-10.79
-15.73
-17.88
-20.37
-21.65
-21.10
-16.58
-13.36
-10.20
-11.07
-16.86
-14.01
-18.98
-22.15
-15.18
-10.74
-16.28
-25.33
-26.54
-18.67
-18.46
-19.00
-14.78
-26.68
-12.71
-18.13
-25.70
-15.68
-13.40
-16.44
-17.77
-25.84
-5.72
-17.70
-22.83
-24.00
-18.94
-13.35
-9.33
-22.92
-19.01
-15.60
-11.34
-20.97
-19.04
-20.46
-17.55
-23.18
-17.31
-18.98
-18.04
-17.18
-18.30
-16.00
-13.09
-22.33
-16.71
-22.82
-12.23
-19.18
-13.80
-14.31
-20.05
-18.93
-15.24
-20.83
-15.54
-21.81
-13.07
-20.92
-12.75
-24.61
-10.54
-15.80
-14.82
-21.14
-20.93
-4.68
-21.94
-18.30
-23.65
-22.70
-27.03
-18.63
-19.03
-14.48
-15.70
-16.92
-16.48
-25.06
-8.03
-17.79
-26.97
-20.67
-10.24
-15.50
-23.41
-27.70
-19.90
-16.42
-17.57
-27.44
-16.52
-19.88
-24.86
-12.78
-14.71
-13.59
-21.29
-14.13
-16.98
-29.42
-27.02
-23.45
-15.29
-14.64
-19.72
-21.88
-14.08
-18.68
-20.24
-30.81
-13.30
-19.16
-17.69
-23.52
-20.72
-12.17
-8.71
-22.78
-10.97
-9.89
-18.14
-19.26
-24.63
-19.02
-24.02
-19.86
-26.71
-14.72
-12.45
-20.34
-22.41
-18.11
-19.77
-26.93
-20.62
-15.40
-17.97
-16.35
-18.73
-16.55
-19.48
-15.25
-21.07
-11.51
-24.52
-13.16
-13.97
-24.59
-8.44
-19.60
-20.20
-21.46
-23.03
-11.51
-21.72
-18.75
-16.42
-19.80
-5.99
-20.39
-23.09
-17.21
-14.45
-17.71
-16.75
-22.99
-17.88
-13.57
-19.58
-18.46
-16.92
-14.16
-16.39
-20.56
-13.80
-16.95
-16.26
-9.75
-22.31
-15.26
-16.60
-11.07
-18.95
-19.39
-16.30
-16.14
-16.30
-18.31
-13.25
-12.98
-15.17
-21.11
-14.24
-25.90
-21.83
-13.10
-23.34
-17.44
-15.62
-22.10
-13.69
-18.07
-16.10
-15.46
-28.96
-20.78
-21.57
-16.56
-21.40
-14.46
-9.59
-22.91
-15.65
-20.78
-11.62
-16.56
-18.22
-21.59
-11.64
-17.52
-12.19
-12.86
-20.00
-16.63
-19.96
-32.88
-14.25
-12.62
-17.03
-18.27
-19.28
-19.51
-21.02
-25.76
-15.18
-25.91
-11.73
-14.58
-20.78
-16.08
-21.56
-26.12
-18.78
-22.78
-18.68
-16.82
-20.46
-13.35
-15.33
-18.39
-11.51
-24.35
-10.47
-12.39
-24.06
-28.47
-16.39
-16.10
-21.68
-26.63
-15.03
-16.11
-14.46
-19.92
-12.21
-26.00
-19.54
-19.75
-14.28
-15.10
-15.06
-21.66
-11.05
-11.88
-13.83
-21.93
-20.15
-14.37
-17.05
-27.28
-19.98
-20.22
-20.36
-13.64
-20.04
-6.84
-17.89
-13.63
-17.25
-18.57
-19.05
-20.43
-18.08
-21.31
-16.56
-25.16
-22.64
-19.44
-17.43
-17.58
-16.96
-16.08
-16.33
-25.18
-18.30
-23.53
-13.30
-18.14
-13.87
-13.13
-27.90
-19.49
-13.65
-19.28
-24.23
-27.10
-19.16
