-17.15
-23.39
-15.15
-14.87
-18.71
-20.84
-16.65
-20.48
-22.75
-22.67
-24.89
-14.67
-16.22
-28.55
-22.34
-16.91
-13.38
-21.08
-18.05
-17.09
-11.63
-18.57
-21.66
-26.70
-13.76
-22.26
-23.00
-22.04
-12.41
-20.45
-10.94
-20.60
-19.29
-21.66
-18.35
-23.16
-16.74
-18.32
-12.96
-15.78
-15.52
-17.86
-24.03
-24.00
-19.21
-18.26
-25.01
-13.36
-25.23
-19.93
-22.63
-14.78
-14.81
-12.84
-24.29
-14.79
-24.44
-24.60
-15.66
-18.98
-19.61
-26.85
-26.93
-16.49
-16.69
-13.59
-14.30
-23.45
-11.25
-19.09
-14.38
-24.58
-25.66
-25.35
-20.73
-22.12
-18.66
-12.85
-16.18
-11.36
-15.30
-20.81
-25.68
-25.52
-15.18
-22.96
-15.96
-8.77
-20.22
-19.97
-18.23
-16.87
-14.27
-27.49
-25.28
-22.46
-20.70
-8.29
-15.23
-19.72
-17.18
-12.51
-14.35
-22.05
-18.73
-18.94
-13.29
-14.23
-14.14
-23.96
-18.70
-16.84
-19.86
-8.08
-18.04
-29.01
-14.95
-16.05
-25.67
-21.69
-14.56
-15.13
-31.46
-18.18
-22.58
-11.76
-13.73
-24.25
-23.05
-11.64
-12.69
-26.64
-20.84
-23.66
-27.02
-20.83
-14.79
-18.18
-22.93
-15.09
-19.80
-14.31
-23.34
-19.16
-12.02
-18.26
-13.02
-13.38
-28.97
-19.17
-20.16
-18.40
-23.69
-18.47
-20.26
-15.06
-16.73
-23.54
-14.68
-24.03
-21.55
-15.19
-15.84
-37.29
-34.97
-17.90
-15.26
-15.78
-24.80
-21.78
-29.13
-27.75
-22.01
-16.76
-19.48
-27.51
-6.89
-13.11
-21.26
-10.36
-25.33
-18.59
-22.32
-17.64
-17.41
-26.56
-20.45
-9.79
-19.46
-23.32
-21.55
-18.18
-17.11
-22.59
-19.31
-19.46
-27.30
-22.50
-21.31
-19.33
-17.95
-11.54
-24.28
-19.94
-23.23
-21.41
-18.14
-16.92
-19.99
-23.93
-19.52
-19.17
-19.94
-18.00
-16.17
-17.90
-23.59
-20.41
-25.47
-8.32
-15.16
-29.22
-7.18
-15.49
-14.48
-13.36
-15.80
-19.09
-12.08
-18.86
-33.03
-13.44
-16.94
-17.86
-21.25
-25.64
-22.44
-19.14
-21.48
-18.83
-10.29
-11.25
-10.99
-12.83
-15.72
-16.16
-22.71
-24.32
-21.49
-18.59
-14.58
-12.86
-18.84
-12.52
-12.87
-19.95
-29.76
-19.96
-35.30
-31.42
-23.10
-16.13
-20.58
-17.94
-23.23
-14.37
-20.23
-20.96
-26.26
-23.63
-15.69
-14.26
-24.11
-21.49
-25.72
-25.78
-24.77
-28.33
-17.50
-35.69
-17.97
-15.83
-16.18
-33.56
-21.94
-22.46
-14.96
-20.98
-17.77
-17.68
-17.29
-25.63
-24.96
-18.80
-14.88
-22.45
-18.85
-18.74
-25.24
-17.88
-20.69
-18.12
-18.38
-21.42
-37.15
-18.87
-17.00
-21.65
-13.72
-24.31
-28.21
-23.12
-19.22
-26.85
-18.60
-17.90
-17.11
-19.18
-21.15
-26.86
-25.39
-20.12
-20.26
-17.42
-14.49
-19.18
-24.96
-17.47
-24.68
-24.80
-17.51
-16.69
-12.74
-25.09
-16.73
-12.69
-22.74
-13.48
-17.44
-20.70
-26.35
-18.89
-18.13
-21.37
-21.99
-6.86
-21.48
-23.07
-15.99
-9.01
-22.60
-22.54
-23.36
-16.73
-24.42
-19.04
-14.35
-13.07
-21.60
-16.56
-16.20
-16.78
-16.60
-19.37
-18.98
-25.31
-19.53
-16.87
-19.09
-16.93
-15.16
-19.43
-31.01
-19.41
-22.55
-9.98
-17.60
-21.11
-19.29
-24.37
-23.92
-16.97
-15.55
-17.66
-21.66
-21.14
-11.46
-25.56
-17.76
-30.76
-14.89
-11.33
-19.49
-19.08
-11.59
-21.53
-26.50
-12.15
-19.29
-17.03
-18.65
-17.36
-22.58
-14.25
-18.96
-17.35
-24.98
-17.91
-23.66
-23.89
-21.37
-13.95
-16.14
-11.90
-15.75
-19.01
-15.08
-28.09
-22.66
-19.89
-17.55
-16.29
-19.72
-21.02
-11.95
-14.39
-21.56
-15.40
-20.68
-17.20
-20.95
-23.28
-18.80
-27.65
-27.45
-19.24
-19.18
-30.68
-23.74
-26.15
-32.23
-23.66
-17.32
-20.09
-14.09
-18.51
-18.42
-9.86
-14.02
-22.25
-16.60
-16.66
-21.71
-11.05
-17.45
-19.57
-23.25
-21.59
-15.61
-18.59
-19.96
-14.88
-22.18
-14.28
-23.09
-14.67
-21.81
-30.28
-25.85
-15.52
-20.05
-16.59
-21.49
-18.68
-19.72
-18.29
-24.20
-19.60
-15.17
-14.94
-19.70
-19.35
-21.19
-12.25
-24.50
-16.94
-14.82
-21.47
-22.52
-26.05
-25.45
-21.20
-28.26
-20.40
-15.68
-23.96
-15.37
-18.82
-12.11
-20.26
-20.59
-14.06
-19.18
-20.66
-12.22
-21.67
-34.97
-15.61
-17.64
-18.84
-19.75
-12.30
-15.18
-21.07
-22.52
-25.13
-11.60
-16.50
-17.16
-14.22
-20.35
-9.38
-13.04
-17.99
-21.62
-9.71
-23.27
-19.03
-18.90
-12.85
-25.38
-21.13
-20.22
-16.29
-13.15
-17.23
-16.97
-20.32
-22.66
-20.47
-27.19
-22.19
-11.76
-20.09
-15.55
-19.68
-24.33
-17.33
-16.87
-22.49
-23.27
-14.99
-33.26
-12.13
-21.10
-20.30
-19.73
-22.38
-17.25
-13.80
-16.75
-22.43
-19.15
-23.26
-30.66
-26.04
-16.01
-24.13
-25.50
-15.83
-19.71
-16.12
-25.81
-32.11
-23.04
-17.06
-13.76
-9.34
-17.39
-12.86
-22.89
-10.52
-15.75
-19.21
-30.44
-21.46
-18.00
-12.15
-7.40
-23.91
-14.04
-22.27
-20.94
-25.24
-14.06
-22.24
-20.47
-16.70
-12.89
-19.98
-21.32
-23.82
-21.98
-20.50
-20.58
-11.24
-14.34
-17.85
-18.56
-30.69
-21.54
-22.46
-18.02
-23.33
-27.34
-17.78
-24.63
-20.83
-15.46
-10.48
-27.36
-17.61
-18.75
-25.06
-20.94
-20.11
-19.53
-10.18
-19.58
-28.42
-24.89
-13.60
-17.33
-26.57
-13.58
-20.47
-21.58
-18.36
-14.21
-17.27
-9.27
-19.28
-23.02
-19.11
-11.39
-16.58
-11.99
-25.68
-23.00
-12.47
-16.78
-33.50
-16.73
-19.64
-21.25
-19.96
-24.00
-14.68
-23.06
-27.46
-24.33
-15.66
-25.22
-28.33
-18.19
-7.59
-19.87
-19.55
-21.50
-18.87
-14.72
-23.33
-22.56
-14.49
-15.56
-6.74
-13.29
-27.41
-13.39
-23.06
-23.25
-24.55
-19.65
-17.50
-16.84
-17.76
-23.28
-13.71
-15.31
-19.26
-18.60
-18.02
-16.71
-21.44
-20.79
-21.50
-24.71
-17.45
-19.61
-22.33
-25.45
-23.16
-14.39
-13.84
-19.52
-16.77
-11.36
-17.66
-15.74
-18.91
-33.40
-17.43
-12.12
-14.95
-26.20
-20.51
-17.05
-18.49
-20.83
-15.65
-17.03
-18.73
-24.76
-21.95
-12.14
-24.77
-17.58
-24.30
-20.41
-20.16
-23.53
-22.44
-15.37
-32.97
-20.89
-17.18
-27.26
-15.24
-14.95
-23.17
-12.95
-18.26
-19.92
-18.45
-17.48
-13.92
-35.49
-24.81
-15.96
-13.42
-18.02
-18.04
-19.96
-15.78
-17.05
-27.14
-19.82
-13.43
-20.40
-24.45
-21.79
-29.47
-17.86
-20.46
-23.01
-21.94
-17.90
-15.48
-18.19
-18.13
-11.89
-20.00
-21.90
-21.28
-20.79
-19.65
-17.10
-25.07
-24.14
-14.55
-16.93
-20.16
-22.59
-18.97
-23.70
-17.81
-20.67
-13.93
-24.11
-14.36
-15.29
-16.65
-20.21
-16.33
-23.16
-24.95
-20.57
-19.29
-11.39
-20.96
-17.32
-9.71
-28.23
-21.90
-18.12
-12.85
-16.40
-14.25
-23.25
-23.64
-12.47
-25.10
-10.45
-17.77
-16.87
-30.48
-20.32
-26.52
-18.33
-18.60
-16.13
-19.47
-15.14
-27.60
-19.59
-29.18
-13.47
-18.10
-16.06
-18.27
-16.21
-20.45
-4.00
-16.00
-14.25
-28.36
-23.87
-18.14
-14.91
-23.52
-18.56
-10.26
-20.96
-21.55
-27.20
-19.82
-15.53
-22.33
-20.02
-7.71
-12.69
-24.69
-25.58
-23.37
-12.40
-21.21
-13.47
-17.60
-10.39
-27.45
-23.65
-15.44
-19.63
-14.90
-14.22
-24.74
-18.20
-24.73
-14.15
-15.21
-17.71
-15.51
-17.46
-25.62
-19.17
-18.16
-15.55
-17.04
-16.47
-21.42
-24.67
-20.08
-18.73
-21.90
-12.26
-21.55
-22.44
-21.27
-19.59
-22.24
-13.28
-24.46
-23.71
-21.39
-15.43
-23.75
-22.35
-26.04
-18.64
-28.25
-19.98
-15.64
-16.03
-17.59
-25.97
-15.76
-13.68
-28.46
-16.84
-24.39
-10.16
-19.38
-25.74
-18.08
-23.17
-19.80
-25.97
-13.04
-17.21
-25.68
-19.97
-18.18
-17.33
-15.77
-24.38
-11.73
-20.34
-14.91
-21.45
-17.57
-16.21
-13.59
-20.38
-16.12
-16.09
-16.67
-19.29
-23.89
-26.59
-22.73
-16.09
-16.50
-12.77
-15.77
-13.12
-11.99
-22.17
-16.85
-33.18
-12.02
-11.52
-18.52
-11.98
-12.26
-19.79
-7.22
-18.72
-16.22
-17.18
-20.96
-28.65
-11.81
-21.45
-22.33
-16.62
-17.00
-15.66
-22.69
-18.54
-21.54
-10.41
-26.26
-20.51
-20.51
-21.37
-33.68
-13.73
-22.88
-16.63
-28.16
-23.48
-25.82
-24.18
-15.01
-24.22
-23.49
-15.95
-26.15
-23.49
-18.21
-15.41
-12.52
-14.73
-15.64
-17.91
-21.34
-29.37
-13.86
-13.91
-20.40
-18.29
-11.53
-21.00
-22.70
-24.46
-34.88
-17.17
-17.03
-17.62
-11.93
-18.52
-17.83
-19.81
-26.53
-15.93
-15.82
-13.05
-13.70
-23.07
-22.12
-16.50
-22.44
-24.09
-23.44
-28.90
-19.60
-23.38
-18.99
-16.66
-22.43
-21.89
-9.22
-18.84
-16.61
-28.88
-12.39
-24.94
-17.00
-19.40
-17.89
-23.88
-17.56
-21.82
-18.06
-22.00
-13.98
-17.65
-20.14
-21.96
-16.96
-28.82
-21.53
-15.35
-16.51
-26.27
-13.10
-14.21
-12.46
-20.36
-22.02
-21.04
-23.85
-20.92
-20.93
-13.15
-15.71
-20.78
-25.70
-11.69
-23.04
-12.32
-14.67
-23.32
-9.05
-20.24
-15.55
-16.52
-25.51
-14.66
-11.20
-17.96
-10.28
-22.31
-31.37
-22.36
-23.24
-22.33
-18.66
-23.04
-14.39
-17.08
-23.18
-10.02
-23.56
-27.10
-19.95
-17.04
-11.50
-10.77
-17.73
-19.11
-14.42
-21.41
-23.07
-13.18
-12.85
-14.60
-27.17
-16.63
-17.86
-15.41
-19.23
-13.91
-18.09
-18.57
-10.82
-25.39
-13.36
-19.51
-22.30
-18.21
-15.19
-23.35
-27.17
-23.20
-20.74
-15.17
-25.99
-14.10
-25.30
-12.79
-21.37
-22.57
-32.19
-19.44
-21.51
-18.78
-14.32
-18.33
-12.95
-17.99
-8.51
-20.53
-32.02
-17.49
-16.58
-21.84
-36.30
-16.66
-19.16
-16.14
-16.45
-18.23
-24.04
-10.97
-19.45
-23.91
-16.69
-16.84
-20.52
-10.78
-25.84
-16.79
-12.17
-19.51
-16.73
-19.67
-22.87
-17.74
-21.98
-17.27
-16.90
-18.17
-26.78
-20.04
-16.94
-13.35
-14.31
-22.28
-16.00
-15.87
-14.63
-28.26
-17.87
-22.26
-12.67
-14.54
-13.92
-16.63
-27.99
-30.54
-27.70
-20.07
-21.86
-28.41
-18.16
-14.33
-15.21
-17.60
-21.96
-14.66
-21.35
-26.80
-15.28
-26.60
-11.88
-18.01
-23.00
-13.58
-24.47
-17.13
-17.24
-22.97
-17.34
-19.18
-14.42
-11.94
-13.81
-17.24
-16.03
-12.91
-20.75
-15.18
-16.70
-26.38
-15.06
-33.48
-19.73
-23.03
-17.33
-16.37
-22.45
-9.09
-22.18
-25.44
-13.85
-18.92
-16.56
-14.62
-20.72
-12.57
-19.61
-20.71
-20.58
-14.40
-28.36
-18.43
-16.84
-20.02
-13.37
-20.54
-13.88
-22.44
-14.24
-32.82
-11.60
-22.45
-17.93
-20.48
-13.54
-18.75
-17.82
-21.77
-20.46
-19.75
-16.58
-23.18
-23.17
-21.30
-17.36
-14.47
-27.72
-27.36
-17.52
-16.68
-13.97
-16.60
-17.20
-13.60
-19.07
-22.46
-18.53
-24.49
-24.85
-21.85
-18.35
-21.98
-19.07
-23.75
-30.71
-22.68
-18.34
-28.88
-28.26
-5.16
-20.39
-20.21
-19.91
-12.40
-13.57
-15.54
-17.54
-13.55
-17.69
-30.86
-14.55
-22.94
-11.65
-25.70
-23.95
-10.37
-21.52
-27.65
-15.85
-22.56
-19.87
-20.34
-20.39
-13.66
-21.55
-12.38
-13.75
-15.23
-2.35
-20.29
-21.93
-15.92
-15.10
-23.80
-18.37
-17.89
-20.69
-11.86
-19.73
-13.05
-13.82
-15.88
-12.63
-17.80
-23.19
-19.87
-10.69
-16.72
-20.75
-19.63
-16.24
-23.63
-11.60
-19.42
-15.50
-17.57
-22.50
-13.51
-12.91
-14.70
-24.93
-29.51
-20.66
-20.07
-12.96
-20.63
-28.44
-16.99
-20.24
-21.04
-15.40
-20.51
-18.56
-8.82
-12.46
-13.90
-17.08
-17.01
-16.56
-19.93
-23.76
-20.03
-16.02
-23.53
-12.52
-16.69
-12.89
-13.48
-14.30
-27.21
-24.42
-27.02
-15.08
-29.30
-24.84
-15.22
-28.28
-20.12
-27.70
-23.89
-18.01
-17.61
-18.58
-25.80
-14.76
-21.43
-28.28
-17.66
-24.91
-13.30
-21.79
-24.82
-14.07
-13.68
-23.46
-16.37
-14.35
-15.39
-13.22
-25.24
-27.27
-10.32
-13.07
-18.24
-20.73
-19.14
-31.20
-19.63
-20.38
-13.22
-24.02
-17.85
-15.37
-13.13
-15.54
-18.83
-19.33
-19.43
-19.49
-22.18
-24.45
-22.68
-23.89
-19.47
-19.97
-22.13
-15.30
-17.91
-18.92
-16.37
-20.83
-27.84
-15.35
-17.29
-22.92
-15.53
-15.24
-25.17
-15.92
-14.81
-22.95
-19.27
-16.27
-12.27
-13.56
-21.06
-19.52
-12.51
-20.10
-20.72
-12.94
-25.88
-21.65
-19.90
-16.06
-13.61
-15.84
-12.62
-17.89
-7.80
-20.96
-24.57
-8.47
-22.30
-21.08
-11.46
-15.34
-14.78
-29.30
-25.07
-14.06
-22.14
-20.94
-31.22
-11.34
-18.54
-31.21
-17.76
-16.71
-20.86
-23.31
-23.59
-21.53
-12.66
-18.06
-6.86
-23.77
-12.78
-25.41
-17.18
-16.58
-12.16
-22.65
-10.70
-16.22
-18.16
-19.54
-26.37
-20.17
-18.24
-12.31
-16.68
-20.83
-22.35
-8.60
-14.95
-13.42
-25.01
-13.60
-16.85
-25.40
-25.91
-17.54
-15.76
-13.49
-16.70
-19.92
-18.79
-17.04
-23.17
-23.62
-14.09
-21.40
-26.21
-25.68
-19.39
-18.37
-13.38
-19.72
-24.73
-25.40
-15.04
-16.24
-22.25
-21.85
-34.02
-16.35
-19.63
-14.14
-26.65
-23.16
-20.47
-19.96
-13.47
-25.44
-21.16
-17.45
-24.87
-14.92
-29.29
-18.17
-36.03
-7.88
-14.98
-10.58
-18.79
-28.44
-17.59
-23.19
-27.75
-12.30
-19.08
-15.15
-13.02
-14.31
-19.15
-20.56
-21.78
-30.22
-18.72
-19.90
-12.09
-11.31
-13.40
-12.94
-19.57
-26.96
-33.20
-20.04
-17.26
-16.24
-16.75
-25.68
-23.55
-11.02
-19.75
-25.80
-16.80
-11.75
-21.81
-16.61
-21.59
-23.16
-28.50
-27.04
-10.12
-17.96
-19.73
-25.54
-15.52
-19.58
-19.10
-19.26
-12.56
-19.01
-25.02
-12.99
-13.43
-15.88
-23.11
-17.20
-11.17
-21.03
-21.44
-23.32
-20.77
-22.21
-34.15
-11.08
-17.10
-24.08
-28.90
-17.86
-25.56
-21.38
-18.40
-22.38
-17.18
-12.15
-23.36
-22.05
-10.63
-20.68
-23.57
-19.02
-8.34
-17.49
-23.25
-9.66
-19.26
-20.09
-21.12
-16.91
-23.90
-18.75
-15.98
-10.30
-23.57
-25.24
-22.25
-23.88
-21.25
-34.27
-13.48
-22.70
-25.28
-20.99
-32.56
-22.98
-22.51
-24.68
-28.28
-13.83
-22.08
-15.93
-29.64
-20.96
-19.85
-16.54
-21.24
-17.60
-18.78
-20.92
-18.02
-16.06
-14.70
-14.73
-22.30
-20.98
-17.34
-20.33
-21.92
-21.59
-18.91
-9.57
-13.16
-20.39
-23.81
-20.61
-28.78
-14.64
-11.30
-13.02
-23.12
-16.02
-20.81
-22.19
-20.24
-17.51
-23.45
-25.70
-17.19
-27.24
-19.76
-22.60
-19.59
-34.04
-18.53
-20.21
-24.31
-17.94
-14.62
-14.81
-21.89
-18.36
-15.99
-26.94
-21.29
-21.93
-13.76
-24.00
-20.24
-15.75
-20.26
-22.92
-17.14
-33.21
-24.02
-19.59
-16.76
-17.25
-26.23
-21.70
-20.15
-20.95
-17.14
-19.34
-25.30
-19.08
-15.61
-13.53
-13.67
-11.44
-13.06
-19.50
-11.01
-16.86
-12.31
-27.78
-15.77
-20.35
-8.98
-17.04
-22.87
-31.67
-22.62
-17.12
-19.23
-24.03
-12.82
-18.65
-23.91
-23.53
-18.15
-28.72
-34.20
-24.06
-22.65
-24.22
-26.16
-17.66
-28.22
-16.65
-25.29
-25.91
-15.07
-16.44
-8.40
-19.88
-33.11
-15.94
-29.51
-18.11
-21.55
-28.48
-18.86
-25.33
-10.25
-25.68
-20.85
-19.46
-17.35
-21.05
-21.30
-19.11
-15.24
-22.33
-21.81
-15.49
-25.74
-20.97
-27.39
-23.24
-25.54
-11.70
-16.52
-14.88
-19.10
-14.39
-21.25
-23.64
-16.11
-19.33
-19.41
-14.65
-19.29
-27.45
-15.92
-16.56
-16.27
-26.63
-15.75
-17.54
-22.85
-27.03
-14.46
-18.50
-18.82
-18.47
-23.38
-9.34
-25.03
-19.63
-17.07
-9.32
-23.70
-16.79
-15.85
-15.55
-10.48
-25.39
-22.80
-18.99
-23.17
-24.32
-21.26
-23.46
-23.03
-17.74
-11.77
-31.43
-21.31
-24.19
-15.46
-15.30
-15.88
-14.85
-23.87
-18.76
-23.96
-23.12
-21.45
-22.68
-12.53
-14.43
-10.14
-19.07
-18.41
-20.42
-16.05
-28.69
-26.99
-14.78
-29.05
-18.02
-25.64
-17.37
-21.53
-21.44
-19.39
-33.13
-21.75
-21.18
-18.15
-18.91
-29.80
-16.91
-28.23
-21.74
-20.58
-9.84
-21.81
-17.99
-19.93
-12.92
-23.64
-18.88
-18.63
-13.94
-16.70
-36.89
-24.12
-26.01
-11.44
-18.68
-19.10
-10.36
-31.15
-17.97
-16.20
-14.99
-23.47
-16.56
-17.21
-15.85
-34.00
-21.60
-10.43
-12.75
-13.84
-17.62
-20.04
-23.72
-11.56
-20.86
-26.14
-19.61
-13.49
-15.81
-17.24
-18.95
-17.14
-20.46
-13.20
-15.00
-19.33
-13.15
-18.53
-12.13
-20.05
-20.57
-12.79
-19.48
-15.88
-16.80
-23.66
-15.75
-14.72
-18.79
-24.71
-21.38
-26.59
-20.47
-12.44
-20.13
-35.16
-27.86
-13.90
-23.91
-17.78
-17.75
-17.72
-16.99
-23.25
-24.63
-20.07
-20.08
-16.05
-23.67
-23.98
-18.74
-18.26
-16.83
-17.46
-25.33
-13.21
-16.07
-19.63
-21.37
-31.33
-17.90
-21.43
-21.14
-15.45
-23.91
-12.99
-18.04
-13.53
-9.54
-20.30
-25.93
-17.59
-20.44
-16.86
-17.14
-22.11
-17.98
-21.40
-19.28
-17.29
-19.38
-12.68
-13.85
-21.51
-27.06
-15.44
-16.94
-13.93
-23.57
-18.03
-11.60
-23.47
-15.39
-13.44
-22.59
-17.95
-19.73
-17.47
-20.54
-17.04
-19.26
-12.15
-31.96
-21.62
-19.99
-27.37
-19.70
-22.09
-15.03
-13.56
-16.82
-13.51
-19.94
-15.58
-15.23
-24.94
-20.10
-20.17
-17.46
-19.62
-16.03
-20.65
-21.07
-22.84
-10.88
-19.46
-17.10
-17.03
-25.57
-14.68
-12.31
-26.32
-11.75
-11.58
-19.43
-15.16
-15.38
-20.83
-24.38
-18.17
-17.12
-13.40
-25.44
-15.93
-10.26
-10.38
-8.68
-18.64
-20.00
-24.23
-25.43
-13.73
-19.17
-30.52
-19.61
-12.45
-16.37
-16.36
-16.52
-24.12
-25.75
-23.77
-18.15
-26.72
-14.97
-19.02
-19.19
-21.02
-22.15
-20.53
-22.91
-15.45
-19.44
-22.04
-11.98
-19.19
-15.45
-18.98
-14.93
-9.63
-18.49
-26.04
-20.21
-16.85
-20.89
-17.42
-17.16
-24.97
-10.75
-21.92
-27.35
-22.52
-14.41
-17.72
-13.32
-14.01
-16.30
-17.26
-21.75
-10.33
-17.27
-34.74
-17.55
-18.53
-18.26
-21.10
-19.17
-18.87
-19.87
-16.76
-18.54
-18.84
-25.23
-14.18
-15.60
-27.64
-17.12
-12.97
-25.94
-17.08
-18.88
-17.09
-13.74
-10.69
-23.37
-12.74
-24.73
-9.87
-15.42
-20.39
-12.93
-11.90
-16.26
-25.83
-13.72
-18.41
-23.63
-19.48
-21.26
-26.21
-18.31
-19.98
-22.20
-12.19
-14.27
-13.75
-15.54
-13.41
-16.26
-23.81
-21.35
-16.16
-14.03
-20.00
-20.54
-16.81
-10.76
-11.63
-28.12
-21.45
-21.10
-13.25
-16.98
-20.69
-16.78
-22.34
-11.37
-20.44
-14.00
-18.59
-18.98
-19.79
-26.54
-16.97
-10.59
-18.62
-23.55
-19.58
-13.74
-23.85
-15.73
-23.18
-19.05
-17.19
-15.81
-16.74
-20.92
-11.84
-21.88
-20.65
-18.72
-20.23
-21.00
-27.68
-17.37
-13.51
-26.50
-18.34
-18.69
-15.14
-16.85
-26.83
-17.35
-14.45
-16.41
-25.11
-19.55
-18.73
-27.16
-15.78
-23.70
-19.12
-7.51
-24.24
-18.50
-26.59
-17.67
-19.69
-30.22
-15.72
-21.87
-12.57
-17.46
-17.00
-26.72
-21.50
-20.21
-21.07
-13.84
-30.59
-18.87
-21.06
-19.80
-16.93
-15.11
-20.16
-18.62
-24.15
-16.54
-13.56
-19.70
-21.77
-23.79
-19.66
-13.29
-31.31
-21.48
-26.83
-17.15
-24.28
-14.42
-17.55
-23.40
-28.78
-25.01
-22.08
-15.21
-15.58
-15.85
-28.76
-21.93
-16.88
-22.15
-17.79
-9.43
-25.24
-11.70
-26.12
-18.55
-19.55
-20.98
-15.72
-21.55
-15.32
-16.74
-12.71
-18.84
-24.60
-21.02
-14.93
-18.25
-20.03
-20.33
-7.27
-22.92
-24.01
-14.19
-15.64
-21.24
-20.13
-16.81
-25.29
-18.31
-19.28
-20.29
-16.37
-28.30
-22.25
-12.60
-19.61
-12.19
-17.00
-21.57
-33.16
-14.23
-24.69
-15.52
-11.83
-23.22
-19.20
-14.43
-21.48
-18.20
-21.00
-14.75
-25.98
-20.61
-22.14
-25.57
-25.62
-22.88
-15.63
-24.54
-12.71
-16.31
-29.96
-17.84
-22.48
-19.79
-16.95
-24.27
-19.52
-21.70
-11.83
-16.06
-8.93
-19.74
-15.10
-11.67
-21.92
-16.53
-13.54
-19.12
-18.46
-31.35
-15.71
-22.37
-24.52
-18.95
-18.89
-22.55
-28.03
-22.21
-15.83
-19.73
-12.59
-18.04
-12.47
-20.37
-16.97
-14.22
-22.92
-21.48
-20.96
-21.42
-26.72
-17.78
-13.22
-22.27
-16.05
-14.77
-18.18
-23.22
-9.45
-23.57
-11.94
-18.42
-17.43
-23.17
-21.63
-15.13
-14.31
-21.57
-24.99
-15.60
-21.46
-15.02
-23.18
-16.09
-19.52
-21.82
-17.45
-24.55
-10.84
-12.77
-23.30
-15.15
-19.29
-23.84
-22.50
-30.52
-23.29
-24.80
-24.39
-12.15
-12.56
-19.61
-17.59
-18.07
-22.66
-15.89
-17.26
-11.26
-17.84
-17.45
-16.44
-15.81
-17.31
-23.14
-20.46
-25.87
-25.12
-11.71
-26.26
-38.07
-26.40
-18.05
-25.11
-25.12
-22.67
-25.05
-11.99
-16.44
-16.99
-18.27
-17.23
-23.35
-20.86
-23.78
-25.89
-17.21
-34.05
-11.07
-10.92
-24.04
-12.62
-12.06
-17.60
-21.60
-22.73
-21.45
-14.03
-8.13
-22.98
-15.96
-16.34
-24.62
-16.85
-24.42
-13.34
-22.31
-14.59
-23.43
-22.06
-19.27
-13.69
-12.95
-16.74
-32.93
-20.77
-23.32
-18.11
-14.87
-12.65
-15.25
-14.98
-18.38
-24.52
-21.13
-20.40
-15.28
-26.87
-17.00
-14.53
-18.57
-15.88
-14.44
-16.79
-22.17
-26.50
-26.02
-17.86
-16.77
-20.17
-17.96
-20.00
-16.84
-15.61
-13.19
-27.54
-16.64
-21.87
-15.91
-14.78
-18.26
-16.43
-18.25
-19.87
-29.24
-12.86
-16.71
-16.68
-13.74
-23.83
-21.67
-14.78
-27.94
-21.03
-12.60
-21.85
-15.59
-20.99
-14.39
-10.78
-22.21
-14.36
-15.75
-13.83
-12.04
-19.86
-9.07
-18.88
-24.55
-18.57
-14.12
-18.19
-23.60
-11.79
-18.33
-27.33
-19.26
-19.95
-14.51
-21.16
-15.64
-22.76
-17.71
-22.80
-19.02
-22.71
-17.60
-15.46
-18.34
-16.24
-15.41
-26.67
-14.83
-20.77
-9.62
-23.80
-23.16
-13.67
-18.43
-17.69
-16.51
-13.53
-20.89
-26.29
-12.92
-14.73
-18.46
-19.61
-26.41
-12.40
-26.79
-22.75
-20.84
-18.47
-12.15
-13.45
-11.13
-21.35
-16.45
-20.33
-19.96
-22.65
-13.35
-17.60
-11.90
-18.00
-23.84
-14.87
-30.41
-9.34
-19.07
-11.77
-15.57
-18.07
-16.84
-20.96
-13.58
-30.56
-16.32
-20.16
-22.87
-9.95
-17.04
-18.03
-17.54
-27.44
-15.83
-21.89
-14.54
-22.02
-20.69
-13.87
-18.78
-32.01
-27.29
-24.38
-12.58
-21.25
-12.84
-21.79
-34.54
-19.96
-19.89
-17.99
-10.90
-19.53
-17.32
-17.95
-18.19
-22.47
-17.55
-15.67
-22.48
-22.87
-16.23
-24.41
-22.42
-21.14
-13.36
-26.34
-11.63
-27.41
-15.82
-11.06
-19.80
-15.22
-17.76
-16.42
-15.31
-18.21
-19.55
-17.43
-19.37
-22.45
-17.90
-27.79
-16.52
-19.85
-18.58
-19.17
-14.11
-22.42
-17.49
-21.24
-19.02
-24.39
-15.43
-16.13
-7.52
-18.84
-20.10
-20.88
-15.75
-16.90
-12.26
-18.34
-16.62
-20.31
-19.08
-27.12
-20.44
-15.06
-21.35
-26.45
-30.29
-21.55
-23.47
-24.33
-16.65
-8.66
-28.70
-20.08
-14.93
-22.38
-27.56
-9.16
-13.67
-22.39
-25.02
-8.48
-14.78
-10.27
-29.42
-21.55
-21.42
-17.66
-15.44
-14.45
-12.93
-17.78
-15.44
-25.08
-30.31
-27.16
-23.07
-19.94
-18.25
-22.08
-25.29
-14.65
-18.88
-24.22
-10.00
-16.31
-16.28
-20.86
-22.51
-21.15
-13.23
-18.08
-17.78
-19.44
-25.31
-12.52
-17.77
-25.57
-22.71
-27.57
-20.57
-17.81
-20.20
-18.38
-20.98
-26.58
-22.92
-16.04
-16.63
-15.70
-16.51
-23.37
-22.77
-16.47
-13.69
-21.15
-16.49
-16.75
-16.13
-19.09
-23.26
-16.86
-13.94
-18.85
-17.32
-13.75
-16.34
-25.62
-15.49
-12.48
-20.59
-16.25
-16.44
-11.82
-10.65
-22.56
-10.49
-14.76
-15.97
-15.28
-17.25
-18.18
-14.86
-11.00
-14.97
-23.42
-13.93
-14.32
-14.47
-17.22
-17.70
-18.17
-21.13
-15.91
-11.20
-14.47
-13.23
-19.94
-23.42
-21.83
-18.91
-21.26
-16.47
-25.92
-11.36
-15.75
-17.23
-20.02
-23.91
-19.20
-17.20
-29.57
-16.35
-23.38
-11.56
-23.16
-18.27
-23.91
-20.99
-18.30
-15.19
-16.23
-18.74
-12.51
-16.86
-14.66
-18.78
-21.23
-20.55
-16.73
-15.28
-21.63
-30.48
-20.73
-19.50
-15.49
-21.03
-23.17
-18.80
-21.68
-31.82
-26.38
-26.11
-18.76
-18.43
-18.21
-18.61
-20.50
-15.39
-14.14
-18.11
-15.38
-19.76
-13.27
-15.69
-16.83
-39.34
-16.90
-10.92
-8.53
-25.49
-21.36
-16.57
-15.19
-21.81
-20.56
-5.62
-20.23
-14.39
-17.83
-14.26
-25.73
-24.80
-13.05
-22.89
-25.26
-23.36
-15.99
-11.17
-17.96
-20.53
-15.32
-19.37
-20.27
-14.25
-16.17
-19.35
-26.54
-13.36
-18.06
-23.23
-14.25
-29.39
-21.47
-13.89
-20.30
-21.18
-16.94
-24.41
-20.68
-21.50
-22.91
-26.64
-25.36
-24.84
-15.88
-14.16
-18.02
-32.13
-19.94
-17.51
-19.67
-17.87
-23.42
-29.57
-21.66
-16.28
-28.08
-18.34
-25.03
-20.30
-16.76
-15.02
-12.04
-22.70
-18.49
-26.37
-16.17
-15.51
-26.89
-23.06
-14.70
-10.93
-26.62
-26.16
-16.65
-13.58
-28.79
-22.22
-23.01
-16.46
-14.92
-25.72
-17.25
-14.85
-13.72
-21.99
-11.38
-20.22
-20.99
-21.77
-23.76
-27.74
-19.66
-34.05
-22.95
-22.98
-19.45
-14.72
-5.41
-17.89
-14.08
-16.03
-19.27
-21.33
-17.72
-24.64
-17.84
-6.89
-18.21
-20.52
-16.23
-19.45
-14.25
-23.04
-18.16
-11.80
-20.29
-18.87
-18.68
-18.93
-14.54
-11.55
-24.95
-13.90
-14.43
-20.17
-18.16
-16.21
-15.95
-16.58
-23.12
-21.63
-18.00
-23.98
-22.24
-17.91
-21.40
-23.23
-21.22
-19.08
-15.31
-24.06
-27.37
-25.98
-11.40
-23.97
-27.07
-13.29
-13.05
-17.29
-20.19
-10.92
-19.29
-17.48
-21.52
-21.16
-17.59
-18.74
-18.82
-24.83
-21.41
-18.42
-24.29
-23.83
-23.11
-23.68
-16.55
-17.08
-17.77
-9.65
-15.20
-22.01
-12.61
-14.31
-16.83
-11.84
-22.34
-9.78
-19.74
-20.82
-11.35
-21.70
-21.16
-23.44
-20.77
-14.83
-18.40
-20.85
-22.00
-20.04
-15.60
-21.99
-19.96
-14.52
-16.28
-22.11
-22.97
-21.14
-34.40
-30.76
-16.44
-25.37
-24.10
-18.24
-23.60
-15.03
-13.46
-20.69
-13.96
-11.60
-27.24
-22.26
-26.78
-22.51
-16.99
-18.70
-30.27
-22.75
-12.02
-18.05
-20.14
-23.43
-19.58
-11.06
-23.69
-17.46
-31.20
-27.35
-26.23
-17.12
-26.34
-30.45
-13.68
-24.51
-21.83
-23.48
-16.15
-15.38
-25.16
-9.70
-14.32
-20.21
-14.71
-20.40
-15.26
-22.12
-18.89
-19.28
-23.17
-22.22
-15.23
-14.37
-15.11
-23.81
-21.81
-14.06
-23.25
-21.14
-20.35
-13.79
-10.29
-20.78
-16.70
-23.21
-22.69
-20.94
-19.86
-18.08
-16.37
-17.47
-21.48
-21.48
-12.38
-15.46
-23.22
-13.39
-22.21
-23.27
-19.21
-15.38
-17.15
-27.20
-19.67
-23.55
-21.70
-20.30
-16.26
-20.85
-14.40
-15.25
-19.19
-17.43
-18.19
-14.50
-19.11
-20.38
-17.54
-15.96
-16.91
-30.72
-19.54
-24.00
-19.15
-32.53
-30.25
-15.67
-14.93
-18.54
-24.28
-15.66
-17.48
-16.69
-14.20
-12.82
-27.78
-15.12
-22.72
-22.77
-18.44
-20.04
-11.42
-11.17
-24.24
-19.96
-19.26
-22.79
-20.69
-8.84
-14.84
-22.38
-15.59
-19.71
-23.11
-11.54
-17.54
-15.69
-20.42
-21.46
-11.28
-14.03
-17.45
-5.51
-17.88
-19.31
-26.07
-19.20
-14.36
-20.44
-20.09
-20.10
-23.05
-12.53
-15.06
-20.86
-18.39
-16.47
-14.53
-19.52
-31.21
-16.03
-18.31
-19.09
-14.74
-14.30
-24.07
-18.39
-14.72
-14.58
-26.21
-23.86
-27.68
-23.79
-13.56
-19.16
-17.98
-30.27
-21.41
